 1.10519052131774
 1.04699071566643
 0.813941630566437
 0.35458691310671
 1.4656348227982
 2.22718380928032
 2.13703631700501
 2.16446788285648
 1.3026839289998
 0.389698383373947
 -0.612667079498042
 -1.19266531021885
 -0.833623214730243
 -0.518819164907516
 -1.25800268963788
 -1.74187166743724
 -2.84025277326187
 -2.51211684629237
 -1.23532546648739
 -0.111558514861447
 0.201501414605847
 1.07471898960284
 0.663234781063286
 0.43361169669545
 1.31495895760268
 1.54253024470884
 2.67030166119127
 2.54399066877241
 1.54069448342668
 0.00113003183800908
 -1.28693229675905
 -1.39043467141777
 -0.989760892088773
 -0.987868086819969
 -0.923337178422954
 -2.27937458404783
 -2.33514954715174
 -2.81068267478549
 -1.59525507330017
 0.409246786753458
 0.0927580908575691
 1.16274783686615
 0.589253845593134
 0.827488006153977
 0.893819023488053
 1.58157068790863
 2.64607120173563
 2.51664119453529
 1.39855677765652
 -0.0964407590263762
 -1.17179544591531
 -0.979835648769505
 -0.303736494033028
 -0.769271021520285
 -1.32397058422488
 -2.14761171836738
 -2.34027499089675
 -3.05100936602353
 -1.19766984191199
 0.479602722024424
 1.22239817307998
 1.12764025259096
 0.790590850113069
 0.676360223759959
 1.37711492989779
 2.28735347481324
 2.66183049654163
 2.19933845119639
 0.954305474338741
 -0.150720146336586
 -0.922512612845575
 -1.44991529495533
 -0.117539700505982
 -0.437470228388257
 -0.969380521386658
 -2.35872178169535
 -2.9118395801864
 -2.47296787404638
 -1.37594233074755
 -0.0117722480036781
 1.37480385781233
 0.510564902573994
 0.97970380166118
 0.392625248469891
 1.21604521308276
 2.07757022132153
 2.63008568688551
 2.69460542114778
 1.52270621437943
 -0.102911551094133
 -1.35624791891009
 -1.33185887333901
 -0.604093195636074
 -0.90647255837912
 -1.25109220740832
 -2.18562678127568
 -2.57632956073878
 -2.64311505392363
 -1.53516745572637
 -0.233127171414916
 0.848888476385785
 1.41938857188157
 1.07237554214738
 1.02207045481455
 0.980688477523757
 2.53367184031533
 3.16838881697322
 2.71507464772614
 1.42769423755626
 0.41976925463204
 -0.310194956807319
 -1.74216376599047
 -0.566458508942036
 -1.1681706032978
 -1.20690053832536
 -2.63134197975186
 -2.37327504499788
 -2.72485858317522
 -1.45998099864101
 -0.377738383750967
 1.27713426398486
 1.39732462528154
 0.640078334485694
 0.272697321417577
 1.29281962248307
 2.04809246804466
 2.90075456960875
 3.20246301475827
 1.5856729186063
 -0.288309663361611
 -0.933649311890625
 -1.39731155866236
 -1.13994912230051
 -0.703527693960701
 -0.738824194311735
 -2.13727127148887
 -3.05514320453189
 -2.17863901367628
 -1.82430840777073
 -0.0649338272793982
 1.24653408075041
 0.999577346287702
 0.665228599148471
 0.514603936114341
 0.859717637134723
 2.0167047287159
 2.63293171021868
 2.98191326612441
 1.81240071187934
 0.0313221820546064
 -0.969905800547941
 -1.0843682874957
 -0.593688448958301
 -0.952233750759187
 -1.16198296712413
 -1.68684083419984
 -2.72264607995058
 -2.44328112784159
 -1.30131463291914
 0.0242272642022773
 0.664771193242182
 1.5103035666633
 0.980649588593234
 0.65496948895363
 1.29296754675802
 2.18189911028057
 3.08867097866681
 2.71268059182454
 1.30423537660623
 0.215977826215171
 -0.504601960684362
 -1.41708409841613
 -0.945138706794662
 -0.492403800459337
 -1.06167313916564
 -2.18507053443662
 -2.3376309722743
 -2.7621363725963
 -1.52750302825875
 0.350237098527821
 1.09877317352462
 0.73682436000119
 0.773729583254066
 0.576066912673986
 1.20279111914343
 2.23940722700794
 2.41897377627111
 2.72282402576077
 1.30180019576794
 0.3518740043962
 -1.33924485735361
 -0.615408705179472
 -1.24314973374343
 -0.641844093527633
 -1.56287931767574
 -1.97633958265627
 -2.53789903728334
 -2.19484289562646
 -1.01554017107592
 -0.0352535793440313
 0.63682132109971
 1.3835932320229
 1.02139338575786
 0.581810987882165
 1.00242537123822
 1.6281795609325
 2.35057427001684
 2.20508246255958
 1.17904140689245
 0.286866267900494
 -1.47238470444665
 -1.16231541382385
 -0.22417921095984
 -0.682474024179245
 -1.28506799314291
 -1.59790606599353
 -3.11849547472783
 -2.24991695238699
 -1.52037352970575
 -0.269799801751678
 1.17242990907576
 1.02211752522549
 1.12476135358451
 0.377878722278026
 0.951424309532836
 1.96106294502702
 2.69622825988151
 2.08025776634899
 1.33417724234899
 0.0565466753361407
 -1.04368692914271
 -0.999019354658858
 -0.748623222712029
 -0.633631476584349
 -1.31937723951293
 -2.01623678075078
 -2.49654696546575
 -2.77661743582382
 -1.75132625374611
 0.0976814076039407
 1.00400614668558
 1.57375850712841
 1.3762029547042
 0.736188412777251
 1.23461744411053
 1.99291187485785
 2.94607841679179
 2.61792828712704
 1.60263751591291
 0.0948047309793819
 -1.21496992507221
 -0.969048107520828
 -0.561493461007771
 -0.31046046551345
 -1.11572953064098
 -1.78139704080824
 -2.42554984878139
 -2.54347876504575
 -1.40992437808989
 0.0421745085784309
 1.11102980104962
 1.18177869429276
 0.571233384482502
 0.937562302421658
 0.747753914729694
 1.58471792199363
 2.99273823309275
 2.51385189063027
 1.82808729905527
 0.276004202307783
 -0.967308686646128
 -1.24601950863064
 -0.848060705266428
 -0.348933008493842
 -1.40498403440211
 -1.36512742729402
 -2.32317790415177
 -2.15140518374577
 -1.79924245527851
 -0.195483899057969
 0.863024607814735
 1.36843849996763
 0.470473732852309
 0.429135669065686
 1.34519644116083
 2.30668773779177
 2.26609594113012
 2.29647185461881
 1.26821330773047
 -0.021062585272805
 -1.25670722197907
 -1.24424828210632
 -0.695221413010181
 -0.794441598128683
 -1.2653900891027
 -1.87238530909195
 -2.63994350410598
 -2.46441450376571
 -2.08784665568005
 -0.110935509360575
 1.33729059748776
 1.10810215854222
 0.562282099345819
 0.783696655793328
 1.10327407236422
 1.99476050927198
 2.7874101534948
 2.95343263817489
 1.30840918402869
 -0.0116538188720777
 -1.47441308914857
 -1.3031475314143
 -1.18837077012284
 -0.589993455297795
 -1.18582750704257
 -2.12127625882176
 -2.44485399722905
 -2.4588211810842
 -1.94396174651515
 0.503979745138253
 0.906358374289004
 0.901338026507589
 1.26901150793609
 0.748072547342702
 1.12150710744751
 2.47594399169052
 2.7474827266396
 2.12159301685996
 1.38604951802117
 -0.270347422940913
 -1.3186455271524
 -0.813596158662127
 -0.497197664449076
 -0.904336965827535
 -0.946158748365455
 -1.74435225811817
 -2.72602858680232
 -2.80745548114527
 -1.30425876545782
 -0.232503999900368
 1.11514432253735
 1.26952939069342
 1.17322776543839
 0.752920131773321
 0.85712950079814
 1.65323572128173
 3.26491845861269
 1.98219034342861
 1.48291903343694
 0.252020983255454
 -1.0556403716795
 -0.940719773930508
 -0.636772978352441
 -0.842605833090248
 -0.587191744154042
 -1.91494640962884
 -1.8181370241442
 -2.19850845083797
 -1.55551695251799
 -0.11700281797503
 0.890625983709386
 1.32463313056983
 0.560160495031601
 0.485676178206754
 1.41257774056184
 2.37676275105064
 2.32015857893726
 2.4514192206317
 1.58873888062605
 0.207381331683701
 -1.30688388862382
 -1.03592319755473
 -1.14717978728346
 -1.10755346633741
 -1.02280078611991
 -1.54017264246033
 -3.28266797971397
 -2.64505085588903
 -1.68074171850133
 -0.00422476239594073
 0.860278227653323
 0.686642505432124
 1.22155614371033
 0.520810852790632
 1.59894441375823
 2.2047498362917
 2.6048236803128
 2.32481132927519
 1.32743386169378
 -0.248280172269314
 -0.964840059169324
 -0.874795938781918
 -0.842487122687719
 -0.877352758993671
 -0.795025195833082
 -1.86032684046788
 -2.62193059163006
 -2.69757673226418
 -1.59056823711996
 0.144365350842172
 0.923991167339941
 1.0699418414759
 0.644649509423945
 0.40731463242034
 1.22958329023516
 2.36722849449533
 2.61645929830285
 3.02642532504772
 1.23120256573331
 -0.0611291306533568
 -0.813915782021617
 -1.17604008253619
 -0.953111822776406
 -0.958980592800953
 -1.0712937273683
 -2.59344183062362
 -2.66406537922698
 -2.29708190971659
 -0.88193954360808
 -0.111241649422793
 1.00523474842503
 1.6757526070427
 1.19385762552356
 0.243977460217968
 0.948170195129998
 2.65565273810875
 3.10278559190105
 2.86719351857291
 1.40802713427426
 -0.360723991357952
 -0.838759050355267
 -1.34389331121829
 -0.849134971807265
 -0.907487851020996
 -0.764417035817156
 -2.02722620937071
 -2.88048809274033
 -2.8964708594407
 -1.24841743003347
 0.0984139062322373
 1.10710213634585
 1.39373443315157
 0.592900499651075
 0.521337448494678
 1.23137384630822
 1.80822006535453
 2.94845003110341
 3.16900483834598
 1.62277877511126
 -0.0271742487281533
 -1.07440775426047
 -0.315785340569396
 -0.226738346881353
 -0.752900188477382
 -1.26593527367538
 -2.98792678655459
 -2.41202852829412
 -2.39462646841586
 -1.28884406317843
 0.00606892737436025
 0.95766129785283
 1.21957600515478
 1.06054019155465
 0.194111802240045
 0.703863817328481
 1.65508527883669
 2.72678745028553
 2.6973601036107
 1.74674136083626
 0.171451920182941
 -1.34886095442
 -0.903235388837504
 -0.783764831688934
 -0.714007609358619
 -0.774611045967465
 -2.0309715400209
 -3.07120371989628
 -2.5370621089555
 -1.24146017364471
 -0.0974769015015527
 1.17960681028872
 0.920273573335916
 0.93549589578545
 0.832493495886986
 1.86365844449815
 2.45175594967814
 2.58554542771367
 2.56752393606536
 1.62414227297521
 -0.122750607466687
 -1.39041730367232
 -1.84732817044734
 -0.552108487826521
 -0.995886029915426
 -1.34571218690863
 -2.07191969185804
 -2.87824479505024
 -2.9497427057274
 -1.39719893550396
 0.256132724261451
 0.743202931090816
 1.44201085302992
 0.853399754949423
 0.692971526680218
 0.813742826371572
 2.09797219092549
 2.69883948208573
 2.1235822508756
 1.23438598656145
 -0.347396827963679
 -0.93396628346433
 -1.67329804268648
 -0.871017758635722
 -1.03264771510696
 -0.994031505017782
 -2.08934355355259
 -2.74556039204148
 -2.75008579543837
 -1.68730461075533
 -0.103535248844761
 1.32377164745956
 1.37611693147194
 0.571972887390442
 0.0519588297446483
 1.11325688852758
 2.26497312602751
 2.58206613104333
 2.42671367289317
 1.51339409386031
 0.121666658066691
 -1.11757569898959
 -0.801464208011014
 -0.995775027455545
 -1.22824525957104
 -1.0713648963053
 -1.90536438112838
 -2.62262387766241
 -2.38635763686967
 -1.16032029380472
 0.295021993113451
 1.05737851717958
 0.845755954411309
 0.268020281141316
 0.736676630448242
 0.762343523295298
 1.90325887293427
 2.93063962904105
 2.54558778868106
 0.975143105765947
 -0.175402246402622
 -1.16004378212607
 -0.666346214591828
 -0.718114416217966
 -0.791604873255176
 -1.10577717298588
 -2.05533706884642
 -2.74913774689465
 -2.39510821225611
 -1.77228944618065
 -0.124481455817063
 0.973364014818128
 0.979370874266605
 1.23577200466444
 0.295321221694053
 0.550904742782535
 1.84591546854401
 2.76074334903483
 2.93093981155878
 1.03620721611985
 -0.207228000030399
 -0.602610750317014
 -1.17049694428888
 -0.978932273461099
 -0.589790690129504
 -1.0773747052576
 -2.09722275402178
 -2.86882252912283
 -2.41144699332274
 -1.51739836789039
 0.0599207762809758
 0.734804125225251
 1.05161307931454
 1.28429837789942
 0.695236365076637
 1.36888849236542
 1.85854619396894
 2.5791075965953
 2.94403962083975
 1.34838019850024
 0.33935094691291
 -1.35021412698965
 -1.16420470165133
 -1.11942800669317
 -0.45270184490131
 -0.910597019749083
 -2.10221894964471
 -2.68236580763682
 -2.31042944066532
 -1.45359991305768
 -0.0700501997371153
 1.23916929767759
 1.06181098707528
 1.30156760894034
 0.175197498132295
 1.50498987345461
 2.41403331330133
 2.19642356480078
 3.02249270010045
 1.68157840687179
 -0.225691458807215
 -1.18267066174594
 -1.40510712147153
 -0.280431143069599
 -0.151991527228525
 -0.941081920722471
 -2.14322378267767
 -2.21539611303635
 -2.76828287207932
 -1.68580908294784
 0.1220938648159
 0.688002703835983
 0.569428126268399
 0.992523805357426
 0.434516957245902
 0.677135489892789
 2.83819746643995
 2.51908025213005
 2.53644000519546
 1.84899720709743
 0.137117995264979
 -0.656050354543629
 -0.824789147477562
 -0.730527606203245
 0.0813419022476611
 -1.48980142320028
 -2.18276197847055
 -2.88612167247679
 -1.99611483510259
 -1.10570037565649
 -0.264390436736438
 0.73826924162644
 1.29869292379849
 1.44913483537593
 0.585597698088899
 1.34176157746463
 1.96851616655989
 2.90989222438694
 2.5061749378767
 2.09266013140669
 0.160455672323804
 -1.32406514209491
 -0.62690924651416
 -1.03107751410253
 -0.328533310227517
 -0.851735557967351
 -1.77826028684265
 -2.66297988888272
 -2.57340411029994
 -1.8541313122331
 -0.312551865140474
 1.32479863128623
 1.31658246564403
 0.677020057064468
 0.775162962618639
 1.32423399314698
 2.07725066309841
 2.69825851642794
 2.39149964224886
 1.43642504925059
 -0.0942566670068405
 -1.07986682760855
 -1.10147202806547
 -0.507784741248411
 -1.01981399231568
 -1.53805177897554
 -2.87323590142386
 -3.00783682226943
 -2.89635568874269
 -1.44573506651381
 -0.1842142451557
 1.1955477164417
 1.02131937859609
 0.478979072472177
 0.694685074671543
 1.46362665523281
 1.31881355641596
 2.72293106782646
 2.28403149078171
 1.22279552140391
 0.0134353429930398
 -0.489596608168294
 -0.735723382329362
 -1.13733750752161
 -0.552206164487253
 -1.22983946903073
 -1.95641633608028
 -2.57100649857239
 -2.47176138566202
 -1.25524095874883
 0.0409286508459986
 0.572060675648251
 1.26289606041296
 1.41716627317754
 0.267168104471251
 0.986090573117283
 1.96847974637921
 2.90022960211519
 2.60952212414426
 1.61161585513205
 0.407962614269966
 -0.724314315775115
 -0.617226491701412
 -1.18855276474126
 -0.554758223907261
 -0.818278779867761
 -2.55867634949021
 -2.73850299370339
 -2.13143804838853
 -1.6114600378418
 0.0685470661012997
 1.26037912039532
 1.32575548668304
 0.804095736741524
 0.461120695330815
 1.13501672057339
 2.42216649111772
 2.69456797465321
 2.38646821019738
 1.14834475301706
 0.144290668921099
 -0.683747520375684
 -1.20208476476482
 -0.46939708141621
 -0.735296403499781
 -0.751921802411088
 -1.96529539753239
 -3.01826522276248
 -2.51813035427415
 -1.24784571957367
 -0.0535919829858022
 0.810531101121517
 1.4496491112178
 0.779343463784925
 0.271129608869469
 1.07220081435389
 2.08368865649823
 2.68816307990653
 2.40621411282572
 1.75175804617804
 -0.198055540123592
 -1.07763461320286
 -1.0363205411432
 -1.209664850702
 -0.542410248088769
 0.0850557827103586
 -1.71443014963681
 -2.37136138109283
 -2.99017461585506
 -1.75841188722653
 0.235081779655464
 0.586697746991977
 0.730453947789632
 0.900501493465038
 0.720920830430554
 0.467081594500516
 1.99770630980499
 2.73927785317366
 2.23080731223365
 1.86470749255391
 -0.472984145005283
 -1.02169035936962
 -1.09806774161993
 -0.468688849624114
 -0.279132892292349
 -1.16476460578538
 -2.42254632599984
 -2.83283217416986
 -2.59809639167603
 -1.26965159916857
 -0.0411451141997579
 1.10190350271282
 1.09434892319435
 1.45930084757391
 0.454291363860456
 1.29849402282048
 2.15626430712629
 2.2323352694278
 2.98851091434635
 1.7292472687195
 0.402447842146201
 -1.03205610429969
 -1.16804447041199
 -0.86486797781058
 -0.577205244517286
 -1.31881280221682
 -1.5962977724567
 -2.599051976874
 -2.56214288837438
 -1.71052378305782
 0.0755490040209584
 1.22346004010171
 0.769746880733547
 0.476966497536927
 0.683164003359865
 1.16065892895438
 2.36052565226925
 2.7358955730157
 2.66120524138935
 1.04423999509644
 -0.431062184739586
 -0.627903006621297
 -1.05878400169967
 -0.819780285064061
 -0.996149007294854
 -1.10493963976566
 -1.87469038928435
 -2.43786496998987
 -2.02854033254405
 -1.14609719916485
 0.17897666442889
 1.45161648909503
 1.31052743024028
 0.908101238532315
 0.628714441903985
 0.870267794137958
 1.91631971736494
 2.8683461192027
 2.23976930154805
 1.34648177089709
 0.154400978909038
 -0.991133968259488
 -1.28488697993355
 -1.05481899579504
 -0.328320760524627
 -1.21652163614361
 -1.78050030740969
 -3.25038449655376
 -2.93198562658796
 -1.35104979088457
 -0.177073908831068
 1.51519929802889
 1.23620310178197
 1.04606261830563
 0.214710299748138
 1.63756157801321
 1.76651187560197
 2.62943798443539
 2.93852897970774
 1.31790992700455
 -0.396431180086949
 -0.656063175238859
 -1.45651573744239
 -0.656094589887457
 -0.439638560413954
 -1.03741490487353
 -2.02844753164192
 -2.16012066952593
 -2.90936751689222
 -1.64249187510645
 -0.410774724988646
 1.09511690799868
 0.777979507247988
 1.20091251317884
 0.869020884545686
 1.20577816914937
 1.89298806051484
 2.77125879969512
 2.39103455183823
 1.65051085818995
 0.152611777360458
 -1.09553176958813
 -1.05444277418972
 -0.94524382199335
 -0.761342120103062
 -1.21472428232813
 -1.86298326122258
 -2.56620070771249
 -2.85682938735941
 -0.970175013177164
 -0.322066246280907
 0.803860162982625
 0.670537911376076
 1.40651608471687
 0.56389526563088
 1.30755482895856
 1.66101540389539
 2.55786868835749
 2.87505483469122
 1.84169622067217
 0.0222180558122229
 -1.05396818681673
 -1.79363222523225
 -1.08293287801302
 -0.471953427898675
 -0.760693494000628
 -2.04630421101713
 -2.77134659298894
 -2.35900122099124
 -1.74407127905866
 0.110199624297922
 0.520414891423171
 1.22975877107893
 0.444231871044741
 0.532015826581893
 1.25597681835139
 1.34830863131475
 2.68524105977902
 2.77270109969372
 1.95050184239894
 -0.336536968349835
 -1.16518616397915
 -0.701619101394115
 -0.944188918167065
 -0.440074575459492
 -1.13899086210718
 -1.99311832533688
 -2.76051450178827
 -2.57330511525393
 -1.39964512858761
 -0.0327720015974972
 0.870217546702621
 1.04162496169138
 0.581113037929241
 0.672581986002304
 1.16481872312109
 2.37192273053004
 2.40440773183269
 2.33979344955478
 2.00471123830061
 -0.305970996813458
 -0.768161386010789
 -1.54086690377201
 -0.664021314876195
 -0.818319900371676
 -1.12287972449596
 -2.18287835767485
 -3.01812432131498
 -2.16655948574551
 -1.48302479989223
 0.441830567685153
 1.00676987337784
 1.5135477106582
 0.737112396448138
 0.467017184227775
 1.10275610877985
 1.88615006778565
 2.64720146954116
 2.72464308463261
 1.53963340714303
 -0.395401429557165
 -0.398093155365595
 -1.69792381948593
 -0.611821779681939
 -0.812397765724492
 -0.893708042279369
 -1.82373347786511
 -2.49215865422891
 -2.18525256237696
 -2.06771168551285
 0.249629068576445
 1.02874334580748
 1.79682812115563
 0.808568508055218
 0.532563057493228
 0.366974057719183
 1.9330380644124
 3.39356318625618
 2.45431628359248
 2.1228778080799
 -0.0621610819649188
 -1.17230940399189
 -1.1467230791631
 -0.767243768248882
 -0.70770094241813
 -1.18960209694922
 -2.20854990634642
 -2.61552538304829
 -2.63000387344147
 -1.66014080080807
 0.769121674171669
 0.57910965698036
 0.881153124203736
 0.798618270341503
 0.385999215461862
 0.756053312658491
 1.84603723187345
 2.77366111188273
 2.15059703942778
 1.80812133474509
 0.209792892441642
 -0.607829746645519
 -0.961494164796675
 -1.02174390097957
 -0.806187377570936
 -0.940561713576565
 -1.7279546548436
 -2.58617641476506
 -2.60011667443371
 -1.84289399915716
 0.298837541401079
 1.48754583628455
 0.835778280206992
 1.16809941354911
 0.916996751949098
 0.958678396973847
 2.3459588294306
 2.79946404112682
 2.50342872359068
 1.54342140057967
 0.105210426971305
 -0.67523258237447
 -1.52060450395501
 -1.08538150381253
 -0.163851243903445
 -0.823341586434416
 -1.93360777628295
 -2.470719357916
 -2.33063372543306
 -1.31920831191337
 -0.0268667875996823
 0.901144393718758
 1.58730599846085
 1.36212140659615
 0.840303343945324
 1.21425830415625
 2.15061873318593
 2.61478673520718
 2.73646893883578
 1.08837647392525
 -0.352021925252822
 -0.963743729153052
 -1.09018536386344
 -0.88369123656489
 -0.658951460840533
 -1.58819832829041
 -1.98663770960003
 -2.61416460074809
 -3.08742283920165
 -1.69158978076982
 -0.0359662331044277
 1.99309909950433
 0.991880953134011
 0.890401799295674
 0.518033236106624
 1.27405722217043
 1.5529910039425
 2.73604897099705
 2.33244849880337
 1.75305898519459
 -0.00698466613779811
 -0.944784090478869
 -1.61583320440631
 -0.915275594305021
 -0.257551211829805
 -0.925238079843844
 -1.90287492501902
 -2.35788189037761
 -2.45139004847829
 -1.86947736974442
 -0.0334093499165862
 1.70222886189264
 1.23979045420969
 1.01010931928372
 0.663102810956824
 1.29089020384094
 2.26832400100991
 2.96243657301761
 2.61389399992986
 1.59331525184469
 0.373106059741881
 -1.41169950566323
 -1.60914712085253
 -0.974184264680153
 -0.95773213365495
 -1.65663580011504
 -1.93545460430013
 -3.24059005821834
 -2.73240431831471
 -1.44269040484294
 0.189227557852744
 1.18564110314295
 1.06519341354568
 1.21489440871073
 0.679162183745061
 1.25631750005659
 1.90056848647694
 2.89652437823883
 2.92156580750763
 1.24810848992254
 0.0203645738716924
 -0.991846035321563
 -1.61546576989357
 -0.51837594092964
 -0.671421874091579
 -1.65063807789331
 -2.02388564691336
 -2.22570168214348
 -2.88635172018738
 -1.59794263824963
 0.116713121310592
 0.847436668636528
 1.14219041302117
 0.874571301314158
 0.771932989601262
 1.61380527844393
 2.17808119931123
 3.18558346412382
 2.85237630694372
 1.65565488023008
 -0.129039825512014
 -0.793721347942389
 -0.911298528615916
 -1.12389122059496
 -0.910590896554819
 -1.18323256197646
 -1.49784516440022
 -2.64955019757149
 -2.29676064949083
 -1.62641789714547
 -0.0667520590101502
 0.895424877852537
 1.36208349980415
 0.930477688043017
 0.817142847345058
 0.770351305159506
 1.90276856571645
 2.97003077847471
 3.00470679047655
 1.80448724630504
 0.051809702992379
 -1.21619812783478
 -1.18397375943171
 -0.471633478524465
 -0.139416243760659
 -0.780646221559077
 -1.84029577772938
 -3.27911387193737
 -2.59396385033744
 -1.53137308714917
 0.30490188976192
 0.655915676534629
 1.31044953444137
 1.09929592451558
 1.1738495245374
 0.479990910917298
 1.78343297453601
 3.09930199697984
 2.62073294880607
 0.951054373827628
 0.501379027216145
 -1.20772082737762
 -1.70362933108549
 -1.02583660996103
 -0.661575966816305
 -1.72641094578377
 -2.24255659568966
 -2.93552523669473
 -2.64198841313921
 -1.41995774837898
 0.0931568296901371
 1.18282202051914
 0.449196621467533
 0.656163293814676
 0.793430231285605
 1.42635712292738
 2.12128869979176
 2.69639632720078
 2.5416014168911
 1.39914321180235
 0.0781259066218282
 -1.48100729242873
 -1.61480698162317
 -0.880075036780159
 -0.383858304441452
 -1.13222518826731
 -2.27074237898984
 -2.72934352291966
 -2.23648479744152
 -1.37889125037932
 -0.168096148712479
 1.39831321540532
 1.3271797702108
 0.508675395881252
 1.28826445868027
 0.970485008398808
 1.8502145553599
 2.89207866363564
 2.63653777836566
 1.6389435381081
 -0.193072708450171
 -0.892350995098934
 -0.97222172117866
 -1.05226090773526
 -0.631619466934739
 -0.807105763002007
 -1.65323237872985
 -2.57297064362986
 -2.82554868705924
 -1.01956776583311
 -0.00783893825315091
 0.827392410355188
 0.940420637158311
 0.792581901787981
 0.724471124224989
 0.803755156515519
 1.78784755465938
 2.42866955492512
 2.75102983364576
 1.10668663448113
 0.021446060847936
 -0.998468000084342
 -0.902224838531285
 -0.977057006210057
 -0.835038520183744
 -1.39307223784791
 -1.9017185882755
 -2.58972773192041
 -2.19355988787809
 -1.60128094694538
 0.0774525478439442
 0.734839403923377
 1.02418017468857
 1.06403364981295
 0.360940582026401
 0.683766544003644
 2.06379786462381
 2.6373599379869
 2.7671769398268
 1.9766096959913
 -0.262055821169094
 -0.945389002346043
 -1.34659676854139
 -0.940266974286162
 -0.996981578845171
 -1.11282647334434
 -2.22691402940104
 -2.76358936512362
 -2.65850656985307
 -1.16749843519655
 -0.0820251270150575
 0.670987310931044
 1.27050217870126
 0.295447976788798
 0.287502279978748
 1.00179770258359
 1.98367539973475
 2.63640385186344
 2.33582113308843
 1.80039489110007
 -0.0353115259883149
 -0.992229521137714
 -1.0155432213478
 -0.733773747013766
 -0.456556975473459
 -0.61125753228684
 -2.28166766468148
 -3.1156348510352
 -2.61205354968949
 -1.38467933789429
 -0.0574496009715077
 0.964489708578146
 1.5781326054664
 0.614792987860467
 0.598559129907926
 1.06633292701258
 2.42588957412162
 3.03668937019971
 2.56533952524511
 1.53028195729663
 -0.0679345827701166
 -1.07807082163847
 -0.97176232640091
 -1.18324098303182
 -1.30070317954819
 -1.58815010078039
 -2.31846342645395
 -2.65138317889233
 -2.49028498110223
 -1.64358547071719
 -0.26324485258468
 0.853271742715133
 0.532924608293166
 0.34421576267645
 0.869907382577777
 1.01765885952139
 1.70066284949351
 2.62462959658361
 2.6211027719996
 1.85422540217735
 0.206217414002992
 -1.39051211922262
 -1.36491709338863
 -0.841636350744486
 -0.912766186133516
 -0.952880872986634
 -1.89312808771642
 -3.06845294272313
 -3.0225466817009
 -1.76720134211762
 -0.0496172402356697
 1.01076661360954
 1.55423462799943
 1.11603655115499
 0.966691075253991
 0.704216198003022
 2.19768198304741
 2.77208032834157
 3.18839192564693
 1.55271065690704
 -0.0979574947303903
 -0.927519233560287
 -0.852660989801548
 -0.0355583439446342
 -0.837763116829026
 -0.780930593105296
 -1.99643382274647
 -3.00041653783972
 -2.25722065713953
 -1.49973671626619
 0.237312259723011
 1.05985627714048
 1.06034008388932
 0.956516873684334
 0.707795704078914
 1.04711166131546
 2.18103885603434
 2.74940502380591
 2.35832605897129
 1.03270193618296
 0.12979492286108
 -1.00976255475265
 -1.48357264137066
 -1.04463884994908
 -0.99856462465103
 -0.939198325988584
 -1.95236836157995
 -2.59883735408573
 -2.13885476576161
 -1.8492116550523
 0.183705436184071
 0.707489918469231
 1.09710533660913
 1.14445528842573
 0.820861437291764
 1.09205121300103
 1.78869065226926
 2.65117630347415
 3.03734740383025
 1.4124687408723
 0.139169815923468
 -0.880350876309277
 -1.24644925287874
 -0.946438039597406
 -1.19125641008123
 -1.16202514362858
 -2.1194714085127
 -2.69459853531767
 -2.72104612178968
 -1.20416341455136
 0.0528587960036677
 1.00437974804223
 1.19447859634272
 1.3339918871429
 0.55676531154033
 1.10329705412003
 2.13367674780769
 2.93640579310899
 2.30605842971329
 1.08893107735947
 0.518227312401408
 -0.999023065218673
 -1.66195430046325
 -1.24560018422799
 -0.786006818658194
 -0.989423692007927
 -1.59198972666597
 -2.85373463216397
 -2.28787548820842
 -1.28316375232389
 -0.456152058914405
 0.777221383412608
 1.04752397437304
 1.11548601281181
 0.672565116301208
 0.697360396712595
 1.93458184693003
 2.72779431191432
 2.39940953727284
 1.28421743433714
 -0.0442448937219881
 -1.08473908931365
 -0.685474472609215
 -1.2256100387601
 -0.631083220086807
 -0.93417612548911
 -2.37115229123752
 -3.04654541351224
 -2.56958948372498
 -2.12585590300686
 0.0608307998910672
 1.06547851839051
 0.979060378976066
 0.951179749864811
 0.77833445870157
 0.923989684980278
 2.1307865706726
 2.54303990949281
 2.22604289529811
 1.54669333037605
 -0.173786223655458
 -0.965607522680929
 -1.33641996169781
 -0.648440180191472
 -0.383627521193338
 -1.32849923430705
 -1.39233616430865
 -2.78692731589239
 -2.63046850452109
 -1.44156134782159
 -0.609179918549529
 0.876363584373169
 0.678787067096778
 1.46106708181209
 1.15437135884432
 1.2890564201749
 1.80629758222944
 2.09515899688199
 2.63706551082915
 1.67463647921937
 -0.449605176288954
 -1.01633008149186
 -1.18230230075361
 -0.725141209185501
 -0.656592191477406
 -0.981306072821782
 -1.60094507845686
 -3.18607307323535
 -2.30686606525515
 -1.48589281924727
 0.352347661486151
 0.729729663765246
 1.40063758107828
 0.802787419389898
 0.940639386688397
 0.605598376930327
 1.11870989475756
 2.67670022877055
 2.57307916052689
 1.28636207650995
 -0.079513986859613
 -1.16488118926442
 -1.08315189568296
 -0.432897865617346
 -0.850399412272681
 -1.25998481298528
 -2.07315773598122
 -2.53895951427078
 -2.26192572519986
 -2.00403826875366
 0.398141150919758
 0.962128964850499
 0.99665321800321
 1.38982406110066
 0.654232497991706
 1.04053694821957
 1.93068415775944
 3.02318674529991
 2.4857453423421
 1.17311090889217
 0.0162380821274581
 -1.06780159137924
 -1.14508794059741
 -0.58763446540134
 -0.717340738414286
 -0.74147538151257
 -2.67213802477881
 -2.35319861283946
 -2.34558270883504
 -1.47863235161824
 0.226768538782074
 1.05462902119252
 0.641463380430806
 1.05817525796635
 0.701199235111813
 1.20228406533972
 2.22977209476581
 3.17931188290965
 2.67607532915945
 1.46764964597023
 -0.0239755724561231
 -1.04590723844665
 -2.16917130711765
 -1.02001766245637
 -0.0538457214633968
 -1.37417334530418
 -1.89056436574699
 -3.04557276000791
 -2.55832453900742
 -1.65314926045158
 0.375521113590641
 0.951839323517296
 1.19332449621944
 0.615740348830491
 0.700759213334117
 1.82564212509097
 1.97068984211875
 2.62341555824476
 3.06836862938398
 1.36125079712575
 0.505392514977983
 -1.33502886012947
 -0.831905996488288
 -0.746442367689002
 -0.360107968199936
 -1.32606406536329
 -2.392011816622
 -2.56882072784146
 -2.47103431635471
 -1.84210106129006
 0.0596066329525789
 0.681057808203374
 0.948227060677576
 1.18526896466676
 1.19614647308569
 0.796430844318784
 2.65128803721034
 2.50932191144989
 2.61751541468916
 1.40091439480568
 -0.0902073004495021
 -1.10031401711688
 -1.04989623073955
 -0.465225613349329
 -1.11718713644671
 -1.20694790207977
 -2.15610759200879
 -2.73373153403251
 -2.84234553972271
 -1.84307749196017
 0.172786428370151
 1.14407014785248
 1.34426350186978
 0.880978160524895
 0.676715903815331
 0.593855155963499
 1.9979939693497
 2.40297391572357
 2.85318717351227
 1.50316450446766
 0.229119246303095
 -1.33414852927186
 -0.915535066712348
 -1.16221390531427
 -1.1482904447056
 -1.24078299996903
 -1.73452642727015
 -2.49885110821623
 -2.60277275139889
 -1.38979461825703
 -0.118551044116742
 0.587350646165733
 1.22777313627528
 0.849671380280568
 0.408009989072893
 1.07424648494224
 1.80749707339853
 2.81912909542878
 1.96272681816399
 1.47483260270953
 -0.346385902273962
 -1.38122327703806
 -0.937071154708816
 -0.813485840461661
 -0.511441088053765
 -1.16600814330215
 -1.92685958755376
 -2.46822894386078
 -2.28444398203037
 -1.1960458953239
 -0.194238165883328
 -0.309794693798363
 1.5225497428535
 0.232162810461206
 1.2627797612044
 1.15871868673043
 2.03292338514135
 2.5838772757018
 2.72619668376929
 1.5619744670802
 0.81163791668769
 -1.24062373976489
 -1.41358426803458
 -1.00256859359058
 -0.111272820206604
 -0.951387272850311
 -1.97394414561752
 -2.5543997372975
 -2.69395030889773
 -1.46021058711887
 -0.302245245622779
 1.45839810566715
 1.13223333459427
 0.971234112723823
 0.854921837770287
 1.04071132383847
 2.44678149381518
 2.69006013030935
 2.82101407661407
 1.42939277234613
 -0.328262737505097
 -0.744205303782397
 -1.19503150226373
 -0.942438403176609
 -0.486967325571791
 -1.50768479175934
 -1.57784884325184
 -2.46278845243503
 -2.62151200271201
 -1.86580429477577
 0.340422031168637
 0.961850437728959
 1.2014090228314
 1.64973640613487
 -0.0273163461762862
 1.3637661512872
 2.2900555761212
 2.99565726897429
 2.85382404492603
 1.11897023292406
 -0.186264018241381
 -0.724347068571706
 -1.04632595190267
 -1.86127089814469
 -1.20169070232275
 -0.853922618376536
 -2.3747410866008
 -2.81521227022817
 -2.80356183775611
 -1.30678113903687
 0.444241382499351
 0.737241211380451
 1.14024035515898
 0.904325602651916
 0.228582682413793
 0.889295640401515
 1.93734580972829
 2.66479295116426
 2.84034502538488
 1.59876823288614
 0.42916713272528
 -0.859260524139836
 -1.50346294292809
 -0.883017200124045
 -0.406659441770026
 -1.36282957126085
 -1.80635478254385
 -2.56558226152201
 -2.1204582752162
 -1.19962791505235
 0.0727500358800456
 0.322702155230654
 1.3871368044908
 0.874862576869063
 0.178822055763932
 0.9873766178973
 2.21535259639167
 2.75361714803296
 2.65219072587697
 1.69251967304253
 -0.015682188270041
 -0.630222303941747
 -1.4556958388069
 -1.2549201163496
 -0.850704314472452
 -0.868640808171359
 -2.01262903359061
 -2.35136438052587
 -2.8400418000743
 -1.93601080349378
 0.207902617399312
 0.987076946457533
 1.24822696013048
 0.927754043348554
 0.827930280746079
 0.690074727699302
 1.72822418098621
 2.83783170449094
 2.49287385304321
 1.44777795863529
 -0.0526347079200366
 -0.901672092060693
 -0.89377158444523
 -0.571398884565428
 -1.26851397906874
 -1.21839202716937
 -2.14552476991387
 -2.54612304261999
 -2.68682494936638
 -1.41843724143917
 -0.994522328786199
 1.23060133022619
 1.30557078965494
 0.186355671459763
 0.733078469784717
 1.43049705945978
 2.35230748612672
 2.24052615698873
 2.5193962900109
 1.67740403133852
 0.295825610806736
 -0.952260113446955
 -0.989176122177148
 -0.639791198796969
 -0.257365687536019
 -1.05395862261177
 -2.3429060686653
 -2.66132950162017
 -2.6065185014588
 -1.74361606294123
 0.00905138000616239
 1.21473363129567
 1.41963006461261
 0.993771283913193
 0.696711223294478
 1.01597059275502
 1.50272268348893
 2.42201666485305
 2.89466404149905
 1.68143858868375
 -0.0814936364824761
 -0.939176547569319
 -1.11944075368326
 -1.10056286561574
 -0.536058474236494
 -1.183578236763
 -2.39519280609732
 -2.31129110210751
 -2.69676076642855
 -1.29137757877231
 0.205327162351791
 1.4335189526477
 0.982720166440866
 0.81941175336941
 0.96098642359834
 0.587198359810519
 1.8995725795061
 2.5031245378249
 2.29203857230817
 1.28444175939336
 0.236227270843258
 -1.11629651201847
 -1.19396612172533
 -1.38665756694794
 -1.59574204343548
 -1.4680573599825
 -1.44685656679632
 -2.96082155421668
 -2.837763368452
 -1.41340982370309
 0.0908463358571068
 1.15518388001066
 0.948403903853646
 1.17691229646223
 0.373471363314452
 0.842073575528392
 2.17986189022839
 2.12860256073495
 2.63106720157343
 1.23630699597236
 0.364036538939781
 -1.26230477710003
 -1.25904976107845
 -0.679916523120516
 -0.834539510416767
 -1.48121413239249
 -1.82786950148616
 -2.54242773044472
 -2.05354191455017
 -1.4647773890294
 0.323179332399992
 0.3016762643719
 1.50665595344084
 0.983611245338825
 0.293170275787671
 1.05602426144434
 2.21960100675534
 2.27569426437593
 2.66592395006332
 0.932659262695932
 -0.347732145969232
 -1.42918932729636
 -1.27903091229695
 -1.26961823712887
 -0.738386729965654
 -0.740097225356199
 -2.19985077616386
 -2.739475804473
 -2.68787163376234
 -1.64748434925886
 0.065609615818148
 1.13707657915946
 1.34064935765987
 0.677692442214036
 0.900077665119659
 1.62707986087614
 1.99312886172236
 2.44944573762624
 3.31559178809199
 1.17590339734292
 0.575213866918397
 -1.07564055447575
 -0.946276716699344
 -1.36312493603442
 -1.17402457153563
 -1.29483729100882
 -2.3119814127523
 -2.55244956332796
 -2.65644251523719
 -1.1596566901323
 -0.0732056090982875
 0.976591504952741
 0.982809754314529
 0.798169111396111
 0.664032381916358
 1.36124313586201
 1.9730174840517
 2.15271305027221
 2.63113188697314
 1.43179345832466
 0.242969939543573
 -0.719884548435184
 -1.01364596136175
 -0.791586387754956
 -0.741207956357772
 -1.0771347102629
 -1.81090155028446
 -2.50933964143198
 -2.80871982430154
 -1.41791257026299
 0.18107168979176
 0.983548921187943
 0.87235292406279
 0.449215749059587
 0.597652278351177
 1.45137757143193
 1.71109333729018
 2.63741138094077
 2.85576780108919
 1.31213831335752
 0.15865944754069
 -0.901269376586503
 -1.18246846128087
 -0.595013563752622
 -0.758466245027201
 -1.35013202987967
 -2.15178888853381
 -2.55061869634702
 -2.83431688578954
 -0.962533906446979
 0.181245572967458
 1.31474028330882
 1.71717066662342
 0.683940943110518
 1.21136974997331
 0.975459335805351
 1.97703245070525
 2.93268018251952
 2.48014641016613
 1.97517554844383
 -0.363523332463522
 -0.448264016452681
 -0.591505684754202
 -0.949378506403837
 -1.22704669409625
 -1.20103530957887
 -1.69504876436733
 -2.92529711310974
 -2.44591548547705
 -1.28563139939444
 0.252799948770877
 0.676335123899466
 0.888234695748861
 0.83504239539639
 -0.031371936450001
 1.27819765530791
 2.1260014165329
 2.74118889240049
 2.28614795054718
 1.24439024434626
 -0.224454279314045
 -0.933995915902425
 -0.837679610270762
 -1.01156114412543
 -0.230664930370132
 -1.32487781727684
 -2.04165026974786
 -2.57240196946854
 -2.2749573278283
 -1.16625851731722
 0.0240659991625621
 1.04214076574909
 1.35970304160526
 1.09536967511621
 0.482004609072184
 1.52041725983267
 1.75515874859633
 2.67193734162244
 2.36231638981514
 1.29715125699621
 -0.753212912540362
 -0.769624645412714
 -1.13236023969941
 -1.11647811101305
 -0.630876653783316
 -0.410616733512996
 -1.248390390301
 -2.62136075638706
 -2.871888687447
 -1.41037197637775
 -0.0332691687783246
 1.00265265109135
 1.30221198378844
 0.279805344725614
 0.706415878708308
 0.843711358095759
 2.11935735724359
 2.83308150039965
 2.77197730126958
 1.75825394936996
 -0.0711438578730477
 -0.714053266165665
 -1.28312086750248
 -0.741603252562098
 -1.19841767178966
 -1.46572131438737
 -1.7491432883826
 -2.57146559152546
 -2.30750651811019
 -1.22575415606363
 0.390873647504387
 0.366748444831713
 0.898929008990571
 1.11844980160499
 0.628932597518897
 0.904344005233535
 2.00249259770333
 2.48000716534198
 2.16185149873382
 0.87370548707996
 0.0556978867599529
 -0.85421465382403
 -1.6860649781855
 -0.979046935416381
 -0.522106004080148
 -0.730888726922725
 -2.31755480423932
 -2.51653308586339
 -2.96915305279363
 -1.08975426835885
 -0.00569580057455433
 1.19611703466422
 1.09169534307075
 0.782160815963097
 0.869377165531123
 0.682794062976862
 2.44496046562279
 3.04079696860517
 2.54505999193533
 1.55381104637957
 0.754508337803041
 -1.41862525553004
 -1.06978430171712
 -0.767689087189035
 -0.397571611577802
 -0.813640438421776
 -1.74012226476832
 -2.86279523944461
 -3.30683523695668
 -1.64029302812293
 -0.353315883196864
 0.978229512833076
 1.01835705574765
 1.24748304265695
 0.715682191584416
 1.19293549007973
 2.26844800780588
 2.6890107524168
 2.48326902189513
 1.56674399287391
 -0.065085335849452
 -0.432160960539119
 -1.10074630965191
 -0.9115712782018
 -0.922810930985465
 -1.57144562859607
 -2.30846724014444
 -2.3355952507909
 -2.82652878743764
 -1.27860649775329
 -0.0483202692411418
 0.878884776317954
 1.23778534660213
 0.598459966225902
 0.832094823195927
 1.35429048598395
 2.48329661196668
 2.57768435957047
 2.84373660371589
 1.47758984537367
 -0.34030324425666
 -0.73529689364283
 -0.768011637930014
 -1.24136133774395
 -0.447907418688068
 -1.67887231067507
 -2.02193545495962
 -2.69476072469765
 -2.04277083413809
 -1.26914385948664
 -0.295752364494787
 0.687288548631409
 1.25183839123894
 0.441278243549707
 0.760006478984271
 1.10731013982482
 2.16352952669854
 3.31420637990151
 2.53202622681342
 1.41570220001313
 0.194084364038598
 -1.0750892626195
 -1.73152018569567
 -1.06457793713368
 -0.741823726322705
 -1.26106087545991
 -1.63621335305636
 -2.86931814367964
 -2.05872861330341
 -1.61696091113574
 -0.73257688343293
 0.651452338968199
 1.69407473751231
 0.884526638810167
 0.896581552774392
 1.24165292920884
 2.34502221958009
 2.79996189876121
 2.31093939848344
 1.6581751950171
 -0.146359472035352
 -0.594503656850474
 -0.941153616867091
 -0.697263157463731
 0.0544410774946807
 -1.26020304619414
 -1.72734163273133
 -2.42100283088903
 -2.25657905173059
 -1.81372975188618
 -0.0274211700676329
 0.889143817410918
 1.53200250550467
 0.985809207427711
 1.04764029470249
 1.66272919061759
 1.42019485460131
 2.98952411932583
 2.92442498228033
 2.04960686653012
 0.27632400584412
 -0.745000584237209
 -1.39727518352011
 -0.838207780637535
 -1.04868673019532
 -1.28827866688849
 -1.99003770684652
 -2.884299464109
 -2.95472971029456
 -1.36081138678966
 0.765999537780794
 1.09541514018316
 1.21574901403441
 0.637822097632172
 0.916762140412498
 1.08554661570392
 2.34513136205363
 2.99573440586
 2.76026900576229
 0.71469312964365
 -0.263614921900989
 -1.14279497398241
 -0.951290064044552
 -0.596647672636895
 -1.02300167476827
 -1.20813284640522
 -2.38244319540287
 -2.17862256317717
 -2.44166150263823
 -1.38266128156684
 0.233814257609055
 1.19717652592676
 1.28271866339698
 0.385412941388002
 0.400754081147402
 1.0180343265075
 2.08752799568087
 3.20506528312043
 2.53752405423006
 1.1386519936861
 0.123663357056571
 -0.739140021010131
 -1.77000743876191
 -0.94662025455218
 -0.744702833424656
 -0.869870064600674
 -1.51305930295569
 -2.92533010084562
 -1.90919703835096
 -1.54586539900967
 0.269235064666418
 1.26174558747745
 1.31838631552009
 1.09831767675105
 0.124960670867928
 1.10494731881279
 1.68583139949674
 2.99229726433627
 2.75067053393657
 1.75056304951317
 0.420051449793136
 -1.28095729456826
 -1.23019146831464
 -1.06144366986008
 -0.480979246530103
 -1.1236279729316
 -1.50685028344032
 -2.73666743912896
 -3.0757739082154
 -1.89129058588099
 -0.219955247106001
 0.847324032252027
 1.3721109927531
 1.23286571496881
 0.981158414525359
 1.11860779031047
 1.5572337676469
 3.06482305885142
 2.29633853322644
 1.71290853362469
 -0.140494899540666
 -1.40061790662501
 -1.25106180776699
 -1.01652285020868
 -0.899127492699187
 -1.00744945173248
 -2.19267088668971
 -2.39329006124902
 -2.99148731839138
 -1.7428655259264
 0.659511081911311
 0.684222830202382
 1.15064398113429
 0.922488873662306
 0.816947820600452
 0.890852242619916
 2.560446591797
 2.77132764288218
 2.45117752656561
 1.08030328518119
 -0.0293961026224183
 -0.683792587821437
 -0.919676532765511
 -0.468580063696726
 -0.382638467643327
 -1.70736655861454
 -1.60325583180153
 -3.03878914336445
 -2.9435152798577
 -1.60268994877326
 0.0581681171228467
 0.987339195479129
 1.1473651658217
 0.606962974212914
 0.793993629061923
 1.2980961447733
 1.92433360638918
 2.95747899258914
 2.57804078003869
 1.67158786437251
 -0.177762707970492
 -1.20717380828879
 -1.54011950450458
 -0.782923822578268
 -0.886366066267251
 -1.29248512379438
 -1.66910273831937
 -2.86881943610708
 -2.37567366763181
 -1.25433653317104
 -0.0324399119106791
 1.71369982294918
 1.144571962183
 0.493773468930881
 0.669150682855739
 1.06456052838442
 1.76717513697518
 2.93306771307001
 2.96109286000694
 1.74658715345208
 -0.306239873912125
 -0.861650210671392
 -0.940051016811879
 -0.200143466899882
 -0.748737103171179
 -0.796294836410834
 -1.62054799682241
 -3.0934589295248
 -2.1324284020921
 -1.61649666204918
 -0.127069484907847
 1.3237720070859
 1.13721724507485
 1.03050935630597
 0.598424703380347
 0.687427638775726
 2.03495795225814
 2.64405988690242
 2.16931910426681
 1.57870796265519
 0.911535694794042
 -1.12021495819055
 -1.10370087631684
 -0.842564509718423
 -0.814360559661397
 -1.084623854461
 -2.11732870807277
 -2.08789521215392
 -3.03442640254424
 -1.49684935737757
 0.520985192713467
 1.09444911488997
 1.39132503898448
 0.806783576732631
 0.629966254082288
 0.774081096505667
 1.64874616628775
 2.75981190741447
 3.02752372561576
 1.09412645325634
 0.162219860934705
 -1.08309937058912
 -1.36454099859889
 -0.961911020734564
 -0.401796763007114
 -1.01853781977112
 -2.36339889608447
 -3.38255859981277
 -2.76355741684577
 -1.32841814714418
 0.102513412373203
 1.18228180035813
 1.19533084329891
 0.876579487335739
 0.925034428213005
 1.03520221610496
 2.54348782968146
 2.7845693652265
 2.18882148136691
 1.45581834624757
 0.276325737656726
 -0.544914437783161
 -1.2266052242828
 -0.597177986525868
 -0.627874156884084
 -1.29111302939973
 -2.07327180699046
 -2.18087590099917
 -2.41913572163906
 -1.05976698076718
 -0.205192432127153
 0.527058571958884
 1.32157660724779
 0.820729600915035
 0.699900561370033
 0.787884236499003
 2.05733203552747
 2.58225660239604
 2.30476964312154
 1.43536805592251
 0.186338776923962
 -1.23730597188713
 -1.16633074909455
 -1.08858720425819
 -0.381208492054257
 -1.24385979314324
 -2.75205926726296
 -3.51775917018232
 -2.02515574057468
 -1.4419679115568
 -0.446978542147291
 1.33420938346963
 1.18075249920617
 0.780365018500776
 0.731599915807006
 1.58582950550598
 1.96281492209253
 3.05897428422029
 1.92158209780357
 1.14099597641505
 0.0476560426558349
 -1.29134949512417
 -0.722169549102011
 -0.660005125105151
 -0.532017742597472
 -0.753661519184161
 -2.45798643890818
 -2.7229390053209
 -2.63006053471779
 -1.55864146930514
 0.441187889181788
 0.846983597842064
 0.93720745175379
 0.689276220761532
 0.6478104886915
 1.26980437544855
 2.01282098110558
 2.372388592148
 2.94731360763061
 1.3793305750998
 -0.041240603493501
 -1.15067269364346
 -1.3094865688071
 -0.987570726766345
 -0.460472984205725
 -1.96618562194754
 -2.59303602398672
 -2.94382732259064
 -2.69530358297788
 -1.37060586192431
 0.00546869752108527
 0.869559103095459
 1.51801912650727
 0.837052909855183
 0.148625033803045
 1.10617055681818
 2.50366615660968
 2.47758993177031
 3.05161467420443
 1.25812180226907
 0.176336058003358
 -0.976732054794606
 -0.67849251334992
 -1.00240508554017
 -0.202814870600403
 -1.25178578519246
 -2.01390978371195
 -2.41365413333144
 -2.61131554809736
 -1.21641530796737
 0.343084130993049
 0.926024459657757
 1.1151398104113
 1.20117299318835
 0.692886310531597
 0.783142193114732
 1.81444415865039
 2.8375060435424
 3.23653681355989
 1.191299080232
 0.235683312509609
 -1.24424013888514
 -1.303309646936
 -0.548227450281904
 -0.9810980534548
 -1.19108194793398
 -1.89395866027032
 -3.0677623113242
 -2.7787186673454
 -1.2158810221347
 -0.107103592148747
 0.751096879400914
 0.675909156288883
 0.714895709327643
 0.921718711884874
 1.26228349203841
 1.99749583585395
 2.66916716068109
 2.5223646288811
 1.60284806050876
 0.204367577463942
 -1.48899041240793
 -1.10204215740893
 -0.573804828109828
 -1.22247762192286
 -1.0274087673185
 -2.26549024024266
 -2.69372599362267
 -2.76615098111216
 -1.6866680398506
 -0.0973712392660753
 0.922163607893885
 0.989941710906423
 0.910244965892649
 0.783109432221503
 0.903283056091608
 1.99712521426039
 2.76525100438955
 2.86694520491387
 1.56082381056636
 0.0438422494622295
 -1.13405186724208
 -1.61106064488792
 -1.13163440098101
 -0.497623698204327
 -0.984289768882893
 -2.22783523045018
 -2.7189775432623
 -2.19793099076823
 -1.68928902593084
 -0.24796854843194
 1.7595027847013
 1.2792995141735
 0.939500324554791
 0.789413819923483
 1.58630522997388
 2.16603999176677
 2.62106713003601
 2.5031780135088
 1.51448926825027
 0.376390150878421
 -1.25664487636267
 -0.712379626945662
 -0.729285334572301
 -0.186072815488232
 -1.2341793519536
 -2.17452003897471
 -2.36631508222636
 -2.76729649734136
 -1.687817453502
 -0.443742885409837
 0.276865929515416
 1.08192088870727
 1.15844431795287
 0.923711977657948
 0.94355755303219
 2.1312172076022
 2.5734914516214
 2.00824937424656
 1.22731553397337
 0.729038623016451
 -0.710984009261612
 -0.524062894676465
 -0.493932222003003
 -1.08256405480976
 -0.64346229409325
 -1.8171699465596
 -2.8985845474216
 -3.07308860280688
 -1.82099688089024
 0.209653261421585
 1.06340024153261
 1.24459124654723
 0.421014128534599
 0.92828065144052
 1.19250402626825
 2.16562632035873
 2.64113255034992
 2.86748260996941
 1.33220092357214
 0.177659029377417
 -0.585730676158931
 -1.89738195123212
 -1.27935216617881
 -0.068301106848777
 -0.758873931693231
 -2.15655269175931
 -2.7692250016193
 -2.64918384266728
 -1.3341322287238
 0.297029083661659
 1.34446173468517
 1.57692787779802
 0.782261913105281
 0.489696759536415
 1.07017285982778
 2.19975584882724
 2.92574781924595
 1.94048633405932
 1.59673879674665
 0.0552029921324796
 -1.00355801408354
 -1.2193396346676
 -1.31199744487674
 -0.648670746983619
 -0.820088129865985
 -1.51056854112955
 -3.00113876941878
 -2.57743356327665
 -2.0109500996383
 0.0308878766792636
 0.478599788430933
 0.618246366444089
 1.32605436835329
 0.389865385563788
 1.06523236013864
 2.0356789045173
 2.5855256079702
 2.04872230788064
 1.92217538050114
 0.0038176359385531
 -1.07743379654718
 -1.46326377243202
 -0.707330402752862
 -0.972119857607345
 -1.3421358095123
 -1.96506192159865
 -2.53103939007368
 -2.36412455416082
 -1.38030333653385
 0.142781128278353
 1.30494164403928
 1.27496358545238
 0.856355497283871
 0.764429178745118
 1.4064867143189
 1.78048950940276
 3.27915004661013
 2.73774699469989
 1.2481952807115
 -0.471988694305239
 -0.273795642649495
 -1.50175003101081
 -0.83303733493247
 -0.62894003668249
 -0.498841880478406
 -1.6514815825242
 -2.74414367438586
 -2.77728748413649
 -1.34650448559911
 0.0707080426410606
 0.840290146301817
 1.38101035807499
 0.10071636302074
 0.92910856376777
 1.24875204925531
 1.46440935280259
 2.06408849018866
 2.71141384647043
 1.57770049194761
 0.334201418899297
 -0.323693156367335
 -1.20808183417849
 -1.76423698198886
 -0.813330577680715
 -1.33858245706243
 -2.32001148260896
 -2.69982686054453
 -1.84281965827621
 -1.46733995695651
 0.460105163546584
 1.20555815886337
 1.62276116319081
 0.638071971488756
 0.686878119860818
 1.17553047621379
 2.41024525321238
 2.40331677047902
 2.61679194435349
 1.04618558608908
 0.0447154526929021
 -0.984109091841985
 -1.07929606433521
 -0.511044372347134
 -0.605712250455357
 -0.942221380334217
 -2.569176807073
 -2.89416904178516
 -2.22568350331398
 -1.47413806577962
 0.388377550515708
 0.87835051776648
 1.1668866340977
 0.708858410689362
 0.142900478055902
 0.794696096751459
 2.10977664178321
 3.3212332868072
 2.94708552816375
 1.58058919864636
 0.000701642194832323
 -1.36396279015104
 -0.965944668223761
 -0.771647751463941
 -1.16452814189561
 -0.861858159368228
 -1.8440544216299
 -2.17224498826433
 -2.10476739542922
 -1.50642399127172
 -0.324995840580114
 0.909409139969057
 1.31382042856226
 0.790167047683369
 1.27261311129155
 0.499942211381342
 2.3084589794723
 2.5567871988417
 3.00719827950961
 1.42782570857122
 -0.131003351245137
 -1.22203056459382
 -1.39275139582051
 -0.442423834125417
 -0.394832898869294
 -1.31666608209713
 -1.48318942593097
 -2.59046132913386
 -3.12053427268087
 -1.70192263742635
 0.277456353171315
 1.30203021472167
 0.730062679940165
 1.13480466074458
 0.845352875902624
 0.874412448549947
 1.81107735063344
 2.66884053270485
 2.31023069910266
 1.25368722216136
 -0.263369823429454
 -1.12109066019184
 -1.2873772927321
 -0.990188645418451
 -1.10148733199368
 -1.0006645555515
 -1.6647235621881
 -2.46521851259494
 -2.24078863714842
 -1.37382813198269
 0.00508026638429557
 1.02587797310239
 1.13626875800158
 0.751482391264691
 1.12237919710235
 1.21239168927743
 1.74108301375144
 2.55753208900045
 2.30193436297955
 1.46598260417297
 -0.39760526760324
 -0.777820150563923
 -1.54202886914145
 -1.13957210722526
 -0.951695574629563
 -1.41716052141476
 -2.17328147713951
 -3.1962066026254
 -2.24319048921532
 -1.17482753653014
 0.165270335624164
 1.54934159761828
 1.29432184617322
 1.03781712580555
 1.0300162917586
 1.24115265369641
 2.13677719160188
 2.16004598297192
 2.05530553131032
 1.17824975070065
 0.173205749804177
 -1.19358108194725
 -0.65967882924603
 -0.544819392821284
 -0.969351863962649
 -0.875613450964635
 -1.77489932179259
 -3.26019702198921
 -2.56231092472848
 -1.70012055137475
 -0.225811747549409
 0.906381542207109
 1.01583134536993
 1.1397205221383
 0.733609842306343
 0.856088349399376
 1.91968675915138
 2.73343976093489
 2.4420461977136
 1.67314561447556
 0.307578208785478
 -0.713206567487256
 -0.893537813458098
 -0.999140286562139
 -0.941595819664478
 -1.07585429987387
 -1.80995238105192
 -2.84326153866966
 -2.87320388971534
 -1.72111065103491
 -0.0744995109167122
 0.72154504820419
 1.00979600866847
 1.00189635150046
 0.903092585003653
 1.24955560335279
 2.83804199157308
 2.28457610075838
 2.24332808357079
 1.61262766538422
 0.104900780435508
 -0.828025932386819
 -1.58794611117647
 -0.597665376716722
 -0.263862159209632
 -0.686604126092121
 -2.10492847784616
 -2.55955229210652
 -2.68689643615325
 -1.56631817931224
 -0.103750357210718
 1.06410320885117
 1.08780383401695
 1.57117604302037
 0.171049361557175
 1.13049508722283
 2.02695937962574
 2.71849364734872
 2.84197424766876
 1.36735357874729
 -0.0547229707601179
 -0.391502208536555
 -1.36920881908028
 -0.730766246450339
 -0.808829861355575
 -0.919968041347806
 -2.22355452531543
 -2.71144067926054
 -2.72934905162051
 -1.32878820710466
 0.364187627012077
 0.696155670686678
 1.07361331839921
 0.632959005294089
 0.97548910668384
 1.039213679152
 1.61872467642068
 2.66157231135544
 2.99479690796059
 1.66458029820398
 -0.323222087968198
 -0.767568975888406
 -1.43472654620689
 -0.918550504859093
 -0.61123759892243
 -0.321916047049184
 -2.42723742704471
 -2.27771136079277
 -2.70386971683618
 -1.55194335685425
 0.315168053351052
 1.28266976307789
 0.938535414229977
 0.918382469969761
 1.12803316146025
 1.28664773751556
 1.55929809915686
 2.76606792742585
 2.29275770748504
 0.68819608982509
 0.0604788206567165
 -0.983357798495104
 -0.731188128678907
 -1.07233874862183
 -0.533411668054706
 -0.911110232783757
 -2.17699976151691
 -2.47749482322393
 -2.11194825234681
 -1.13708771850052
 -0.0416136939507454
 0.555244886321053
 1.01304866584793
 1.36711712483921
 0.759415488596544
 1.08989392945009
 2.08490110057902
 2.41121122453559
 1.93538228376486
 1.60047078065943
 -0.376991778973464
 -0.585109166676237
 -1.33913853153707
 -1.12772820958198
 -0.0552084362168279
 -0.721458488097997
 -2.22477967728014
 -2.58752595090387
 -2.26118310240441
 -1.00801888579257
 -0.227247408196549
 0.996786804620392
 1.51386484088013
 0.81223339931046
 0.685528796169838
 1.48263205463845
 1.47160440558069
 2.78097618348073
 2.42808500756065
 1.49353066304654
 0.0441289532349647
 -0.955303516207091
 -1.23679055360698
 -0.881451559269047
 -1.03089234716338
 -0.418787818306451
 -2.37461252027076
 -2.55852547319131
 -2.46534500335286
 -1.11691480450514
 -0.0630795175696737
 1.27705158751141
 1.27369261061039
 0.509407400850397
 0.724896570068726
 0.932206720645253
 1.98063460166795
 2.19796132662487
 2.80839216039999
 1.47054766285847
 -0.0997392484489439
 -1.19309054583005
 -0.944901456732475
 -1.11595620782682
 -0.613744988969391
 -1.43329487958851
 -1.60116109047598
 -2.62755210287032
 -2.66044543532967
 -1.32001085284981
 0.0868337886097598
 1.06255747784884
 0.756525005311935
 1.40211771634711
 0.903280711957551
 0.585403143593308
 2.62977518911229
 3.0526571517091
 2.93906902143366
 1.35037556457963
 -0.200438870068888
 -0.643956930340979
 -1.37391922408058
 -1.20853656173938
 -0.335384926473893
 -1.26274105076437
 -1.89456089638018
 -2.67397045058162
 -2.63037263632809
 -1.50535449141417
 -0.0411821536761284
 1.31139032205524
 0.752918769258389
 1.17574270615793
 0.547368149120191
 0.924248786208168
 1.53114174255131
 3.26018526451864
 2.54476257236753
 2.14708440489912
 -0.211193225957183
 -0.726713968436439
 -1.43240688431215
 -1.26084802049467
 -0.991016995637477
 -1.14142605805969
 -1.61890176699143
 -2.98380323268315
 -2.52000909275151
 -1.41836252354075
 0.448692232718091
 0.942840695307164
 1.16951043182425
 0.917292938504866
 0.476056035810425
 0.821885258142465
 2.65585393413436
 2.60678365723693
 2.37721151538315
 1.33929115260543
 0.176160732146194
 -0.582700453956256
 -1.0563698133983
 -0.772606275502503
 -0.614173289330228
 -1.11192104078016
 -1.86991000651192
 -2.16880992875374
 -2.20840529763462
 -1.15482849553461
 0.074571752419996
 1.15120718407015
 1.3767286080269
 0.608995536478361
 0.611702801023126
 0.889667388865844
 2.01038562470829
 2.62228908912809
 2.73861725627031
 1.42750689658689
 0.00502790853553188
 -0.975285476538725
 -1.11299858410949
 -0.216374493254312
 -1.07620078376654
 -0.959400550574142
 -2.80447564802092
 -2.81520610758241
 -2.65517227479298
 -1.6016653179385
 0.0841922505290975
 1.03268731864313
 1.15602746676729
 1.07997901127151
 0.882057042984234
 1.64032517163708
 2.0210614597631
 2.87673169790995
 2.25877687868018
 1.44924666774145
 0.297199105268233
 -1.36338594375829
 -1.78384138015876
 -1.08505032871839
 -0.509031529837697
 -0.328333741971306
 -1.66292373676175
 -3.32897554000209
 -2.52147899157066
 -1.42146689216039
 -0.508912034984003
 1.21158350583656
 1.67874318782168
 1.1430302074611
 0.83359976960082
 1.33052724029284
 1.86857308137461
 2.67090218526981
 2.33723587577816
 1.36956247665931
 -0.0155120213986755
 -0.912253355081443
 -1.05067539765831
 -0.48785480611766
 -1.0518205740556
 -1.07584005197041
 -1.9561123518436
 -2.76433970021992
 -2.33816412104989
 -1.7507658631883
 0.395852014693288
 1.40799883877535
 1.0001177322902
 1.25933448443507
 0.741502547062368
 0.871299615227576
 1.52386809289352
 2.82654182663687
 2.57104230006178
 1.62046505027465
 -0.0354155652708353
 -1.22189384568649
 -0.99371082741456
 -0.879166353796845
 -0.0304573395977765
 -0.706299977005361
 -1.90782815117306
 -2.55279822964854
 -2.68617054690096
 -1.29463102887334
 -0.19025136022765
 0.688820026650033
 1.66855587962976
 0.184527007984526
 0.16286532057426
 1.27998701975377
 1.80242888026752
 2.72527379584135
 2.1367617137059
 1.29639320135745
 0.591791672650315
 -0.864051438337658
 -1.68421730861663
 -1.20533209967541
 -0.219758212391752
 -1.33270598071854
 -1.65203380961508
 -2.55541257812719
 -2.28347185864081
 -1.35130736100316
 0.176718767863902
