1.26088157042
3.5222117784
5.19738236215
5.09891365917
6.01015909392
5.64017493609
4.58245659116
2.45649287866
0.695969101311
-1.08367726374
-2.97529179358
-3.88891026777
-3.98566886593
-4.24156929281
-3.36284256538
-1.71631371619
0.518203173864
1.98848069283
4.077098243
5.85302252189
6.5394568103
5.73579099354
6.06554816054
3.67621079781
2.38899049778
0.816223886516
-1.27210683135
-3.67035076601
-4.3333849383
-5.17351991691
-4.25527095749
-3.05033569487
-1.2693402631
-0.000957648274591
2.33848163711
3.9404192247
6.1425254822
6.44631306473
7.16549496891
6.51396256218
4.75426362213
2.79012861047
0.793891822081
-1.03006496001
-3.11004581709
-4.31594146165
-4.97255383441
-4.40277750568
-3.54757983221
-2.49023984014
-0.911901652199
0.861784955531
2.37983639686
4.50376156421
5.8697921333
6.4517272178
6.64695024702
6.14310260632
4.95216706491
3.34806087248
1.97402585355
-0.245247316651
-1.60975569092
-3.56116160913
-3.98233243906
-4.54454576823
-4.32453271521
-3.60343637182
-2.19205479728
-1.12044480539
0.86339547966
2.51285633791
3.80879220983
5.6490220073
5.60746599295
6.03451049694
5.38003915286
5.60838679151
4.32596119435
3.25255618733
1.68935682028
-0.479725592299
-1.59163432583
-3.2330087536
-3.50827481099
-4.00848754267
-4.19092581054
-4.19737624457
-3.65276990736
-2.12518846385
-0.866599733724
0.505170027615
1.2202226839
3.0727394131
3.70056881164
5.0657707407
5.09314202798
5.64870863459
5.81805092401
5.20022758335
4.23398116526
2.82009525231
2.34951773614
0.807824278869
-0.956817639957
-1.61283219223
-2.71949820419
-3.47922201752
-3.89002916436
-4.17655290411
-3.89745366351
-2.88545910766
-2.77717947876
-1.11372084524
-1.34196495466
1.32097061762
1.74821683814
3.13390835451
3.2921300361
4.21076734129
4.40039741618
4.84157988739
5.02972286244
5.10150340695
4.3889598359
3.82206114694
2.80871824457
2.51085646668
1.13959329841
0.106829295067
-1.19902855001
-1.73240832304
-2.43774360986
-3.08343753189
-3.16404574302
-3.80962319516
-3.67548962377
-3.56302059307
-2.45729151864
-2.33397722742
-1.41128486665
-0.391035854881
0.625225376013
1.30162100148
2.48095299244
3.59502246394
3.98910754942
4.42741709549
5.0358979728
5.12393438808
5.01400800912
4.43830326867
3.78549537271
3.76012156754
3.1608736047
1.97754386915
0.657990200129
0.110908282415
-0.969766001428
-1.88898185643
-2.67019952608
-4.05056490909
-3.90175307224
-4.14217674272
-4.37567798431
-3.55969987888
-3.70400548493
-2.78849074669
-2.01751278073
-0.925665194109
0.314208872225
1.26212461255
2.09486821679
2.89791745607
3.9652089701
4.51414925789
4.70147625002
5.61958524206
5.44848461355
4.99829782358
4.95629788187
3.95448235476
3.2114912706
1.75608216005
0.702825475655
-0.802329587053
-1.50119064713
-3.41765793414
-3.95442680727
-4.47853723983
-5.28575163028
-5.6898677964
-4.86821346646
-5.00659867812
-3.39272679205
-2.84439384967
-0.910970945102
-0.260036956754
1.51885338725
2.97563427694
3.31431909065
4.46621520532
5.3035866659
5.59896835186
5.44829954774
5.4859842189
4.36570297275
3.46553131735
2.20670528732
1.34363611163
-0.345490272923
-2.02151328736
-3.24615968981
-4.58706498026
-5.15274536345
-5.42483738949
-5.59051882904
-4.78607354112
-4.90338196163
-3.13983101908
-1.99154472196
-0.354726809015
1.67540321713
3.19208019762
4.03329344838
5.11939122583
6.31377010021
6.1987252548
4.41177633452
4.26119583515
3.20437834096
1.73776189798
0.0631075870422
-2.24231343661
-3.55233514767
-4.18107351868
-5.37054328258
-5.13282021387
-5.08205098967
-5.16696046377
-3.01628677391
-2.02527830485
0.0172486320675
1.3982314245
2.57589608372
4.50688043181
5.23456208894
5.45812373391
5.41462664036
3.82704849364
2.88740414246
1.28452654184
-0.241195081165
-2.20460562927
-3.56110696453
-5.2372086735
-5.48717090726
-5.80069716929
-5.23746574627
-3.90625988854
-2.77652635546
-0.640964713327
1.45087668805
2.46921964857
4.05356410445
4.88188497379
5.21902962817
4.48419779277
3.08031096264
1.63722045275
0.10016323052
-2.67544527602
-3.45877531902
-4.8789749205
-5.51424312781
-5.13879685094
-4.74015204395
-3.55249005388
-2.24086792387
-0.553416826869
1.64546980983
2.59420809425
3.84895541751
4.81917524381
4.22326748191
3.20489857783
1.87331124946
0.229621423425
-1.89009223149
-2.57298081932
-4.10853329292
-4.9026257325
-5.22319420508
-4.6182737889
-3.29469959626
-1.83063848766
-0.90691387126
1.46025638515
2.82461415643
3.27398202763
3.61536126261
3.44386856563
3.15420079651
1.02822821829
-0.600036636275
-2.33955415595
-3.63767519102
-3.99453813289
-4.90021890262
-5.20920510409
-3.89716892207
-2.90168525197
-1.1311517966
0.899683963272
1.78883628441
3.08637040846
3.38112470736
3.81467717721
2.46678951877
1.46904466942
0.447071575035
-1.55610283567
-2.65639530729
-4.15149036425
-4.9748248546
-4.67141713178
-4.87487600512
-3.57522883613
-2.27091371015
-0.401491121273
1.56662934252
2.75602383238
3.41542834361
3.9255599642
3.49092649966
2.92105285004
1.16231769548
-0.495651668173
-2.47365225918
-3.85290649662
-4.64109422825
-4.94957431648
-5.22525357952
-4.32543490502
-3.32183622899
-1.74668392018
-0.25371419107
1.68965684437
2.18578056998
3.38326168815
3.84060276241
4.08863253603
3.44757222372
1.54907682229
0.247441912254
-2.29039109481
-3.62269630669
-4.42776699981
-5.77593594429
-6.28528255068
-6.11791921591
-4.85067148567
-3.5023156126
-1.89574188354
0.396280312015
1.31552162233
3.01823899557
4.18583386027
4.67015406791
4.389891252
3.36495205301
1.92694542519
0.798644070932
-1.78235072939
-2.78439564821
-4.6192450109
-4.60322378111
-5.95180544362
-6.95602072685
-5.8273283889
-4.51160657522
-3.64687829063
-2.10429494775
0.403903575491
0.413763034016
2.28652963952
3.95754909191
4.73980885993
4.63242222965
4.47400786344
3.57602320688
1.84582735979
0.534415767125
-0.977917318173
-3.20808754017
-4.50371001188
-6.16722894361
-6.55049959931
-6.88653973994
-6.94075790935
-5.73807266683
-4.76024917482
-3.79250543604
-1.8429981206
-0.61710055312
0.796115872384
2.44139273789
3.81022412332
4.44995019993
3.96961838268
4.63393274236
4.40797583548
3.28556880686
2.30013087126
0.278945271225
-0.556691721948
-2.59098431075
-2.77526193778
-4.73546894917
-6.01871547766
-6.1599870671
-6.82380668486
-6.90947688411
-6.24693466057
-5.60997956512
-4.46295897651
-2.95651081141
-1.9340340756
-0.666953605751
0.957438656535
1.49969626235
2.8917167651
3.51700090565
4.30453293625
4.12284587727
4.44326244857
3.72822680906
2.60240792258
2.15756119621
1.47959261079
0.134026678307
-1.04670586454
-2.90814799783
-3.49281726313
-3.56048763683
-5.15788799757
-5.74566060317
-5.78122777614
-6.08827337742
-5.95699820602
-5.460490482
-4.296817102
-3.57056227001
-2.50375342398
-1.77437340061
-0.436819142124
0.319684214621
1.43422729605
2.32074472401
2.45253930659
3.69505106079
3.44290452086
3.67832533755
3.23427353146
2.8398636186
2.14832168234
1.41856439554
0.38511803601
0.174764556722
-1.4097927203
-2.44052857982
-2.80295944638
-3.76859271025
-5.27664525553
-4.98806200122
-5.28913114017
-5.87456304699
-5.20202824322
-5.00631576357
-4.08576686721
-3.48136400317
-3.19644429101
-1.40360395841
-0.402881947375
0.188204955884
0.902638175083
1.99362933763
2.74217195373
3.16096443869
3.45781396047
3.52521839738
2.99270150438
2.72719478692
2.52440774753
1.04610359758
1.27642061613
-0.472492790769
-1.44077697428
-2.65956489513
-3.2213320425
-3.96597107438
-4.76391864802
-5.43642698793
-5.72650150107
-5.1587418321
-5.01623858433
-4.00708785695
-3.31841408013
-2.5503303336
-1.93447579512
-0.281131380545
0.297258670198
1.44927180111
2.51726581806
3.33221496507
3.57842895548
3.36371355822
2.99170399295
3.3581007968
1.98132612491
1.31310323966
0.0179653220439
-0.837918776967
-1.98226883852
-3.42198368922
-4.71549191293
-5.02716295747
-5.61032315386
-5.54460637001
-5.38648392008
-4.7763175972
-3.84989285846
-2.61695651199
-1.42251052514
-0.879400975142
1.26047608042
2.73887926021
2.99224756098
3.88191160345
4.08871057773
4.47073419509
3.3198626053
2.20037561534
1.27078849128
-0.429848008811
-1.438697378
-3.09534841945
-4.56924222244
-5.38093378168
-6.30364586332
-6.18682676574
-5.67392057937
-4.45444431111
-3.47135903731
-2.24409099227
0.353527706606
1.31384969149
3.45748059184
3.66817205194
5.01730775716
4.29560096047
4.23498982333
3.72787117823
1.65230542347
0.266505291824
-1.32819700231
-3.97245200076
-4.95678813174
-5.73997155058
-5.95379570475
-5.7142313647
-4.69884756907
-3.32739409192
-1.94078450255
0.312630486231
1.85786541638
3.54087771792
4.9533099317
4.89582227038
4.68191427863
4.01616920693
2.72888464917
0.831663464053
-1.35604278951
-2.80096636038
-5.121972572
-5.62014173911
-5.67695987305
-5.88966643805
-5.20823321169
-3.34717481432
-1.27754254602
0.760330112237
3.09947872443
3.63875926545
5.36706553722
5.22611738024
4.26777096073
3.3108790186
1.85618510618
-0.200847945079
-3.02782508591
-4.45341289181
-5.34663973101
-5.94069752212
-5.22604464058
-4.40012084777
-3.0903904811
-1.35111397483
1.433409526
2.16337944277
4.29423227239
4.81560415363
5.01256061176
3.94471370969
2.34071609713
0.207836883963
-1.79538378531
-3.09127128349
-4.4598102221
-4.85767685466
-5.28592686844
-4.71945045902
-3.12595729245
-1.62314078943
0.216878781048
2.16418209994
3.27554084615
4.3119982023
4.20770751064
4.12729041091
3.19228256652
1.491080312
0.0506346423006
-1.95156647742
-3.50467069687
-4.98175070876
-4.73846009961
-4.26030723153
-3.66362101818
-2.4576256421
-0.816557711149
1.02137419876
2.43191067281
3.61452561127
3.88807632672
4.35444753422
4.02029505413
2.58494660344
1.23879178725
-0.803486689271
-2.13039219823
-3.1336054899
-4.40404485041
-4.09380236697
-3.95197291534
-3.23923549127
-1.79983935945
-0.421688982866
0.970050735799
2.58337567024
3.34609338867
4.29318581258
4.67175509559
3.381293365
2.31731473932
1.29891498338
0.293981009729
-1.49405143933
-2.76408029742
-3.11287425588
-4.25286709187
-4.18687624986
-3.9611620472
-2.51190597667
-1.3230734619
-0.0789297172548
1.28472282812
2.98393125313
3.62489015377
3.58058479666
4.53080783089
3.33529871089
3.42065836254
1.68475353792
0.124342529098
-0.945853549593
-2.57497891086
-3.2824933051
-4.15783526239
-4.7806102429
-4.50156282595
-3.29200491585
-2.76755100697
-1.57547199066
-0.010205442475
1.34914426864
2.53055742641
3.63034470972
4.21955320164
4.76657275532
4.89085948739
3.99157279636
3.15947566704
2.20608960513
0.737663830714
-0.81772868719
-1.4906633153
-3.56078974857
-3.72555971387
-4.73526258104
-5.30036268561
-4.09047396717
-3.44807333308
-2.78498155634
-1.38632917967
-0.485309936345
1.26767444165
2.67097685851
3.80238678865
5.35801158576
5.2944892401
5.56553142675
5.37172256278
4.90334601379
4.08252415436
3.20496329326
1.51049489711
0.298389985623
-1.56042219952
-2.17841435118
-4.18623145629
-3.97172464234
-4.38863611175
-4.86457209875
-4.98927638769
-4.01771274534
-3.26781794391
-1.60483215577
-1.78856483045
0.186478157704
1.08393225135
2.48752606433
4.28771506053
4.90402031812
5.84790167395
6.09249519239
6.38285835767
5.89255193515
5.74853185603
4.69889860412
4.10412180847
1.94352098215
1.16925241289
-0.631006529059
-1.14586005167
-2.4963399794
-3.52016608896
-4.59256975778
-4.6759838679
-5.58408592424
-5.61934660192
-4.73398064299
-3.92507350191
-2.72419491848
-1.66480782422
-0.985240531302
1.05788818531
2.20305621277
3.56699090953
4.12487417569
5.02338486374
5.56821954158
5.96097946106
6.1878946406
6.14239771529
5.41883107894
4.87782173431
4.27469558232
2.97097891478
2.50941605884
1.15851107357
0.101917819801
-1.50061199398
-2.36875908065
-3.39947534537
-3.94983780753
-3.91566898054
-4.89566598101
-4.34250625914
-4.55799703321
-3.79964651431
-3.2097105898
-1.84173820296
-0.990288987774
0.437743764175
1.16370320684
2.33445524311
4.1362195434
4.04187432512
4.76287619392
5.76427037088
5.72965990588
5.95368735654
5.45616896032
4.65585599695
3.66525421572
3.36066184098
2.37482933618
0.460559607304
-0.0433512662233
-1.36999152695
-2.7797785021
-2.80684765012
-3.57515143855
-3.98479816068
-4.10715012884
-4.04091958645
-3.25093983282
-2.4086450242
-1.6829905688
-0.728255676838
0.928527821736
1.77585929346
2.73304781536
3.70538706303
4.04085102767
5.30305283972
5.32774737133
5.21853980877
5.17287140934
4.03827807886
3.80205968527
2.28413608084
0.531472067951
0.0504508130026
-0.824937645667
-1.99086029815
-2.78646908512
-3.28973696167
-3.67074858677
-2.77904992315
-2.87051394989
-2.53464969694
-1.78709611955
0.187518946219
1.69822064469
2.4221134408
2.70037963925
4.14896947341
4.82035144515
5.0722832886
5.22066606197
5.19929216543
4.03306799024
2.77247097123
2.37794251566
0.457480530131
0.28681842927
-1.61746938991
-2.71386513712
-3.3865086445
-3.12802244659
-3.71479574321
-2.80655923774
-1.58983326171
-0.892470036118
1.39731100515
1.94564374929
3.57985080987
4.57506804001
5.05709057753
5.12434286508
5.25995659727
4.7724536446
3.18114659083
2.23133895731
1.05900617113
-0.751491622363
-2.14285129984
-2.81625191428
-3.26042670751
-3.76639673207
-3.68688372005
-2.22370762131
-0.373501577082
1.00540518523
2.61576442584
3.31221541048
4.94870528336
5.41644464339
5.23352239974
5.51180118687
4.55670496299
3.34085113121
1.70658337081
-0.059617630633
-2.07839943724
-3.33471994778
-4.02950759034
-4.36655918107
-3.61775529122
-2.23977124407
-0.33255355014
1.00810384652
3.06165546385
4.62289943772
6.30471150793
6.35375934661
6.02328840461
5.59107183685
3.2053874976
1.92328088074
-0.472910045147
-2.17524919331
-3.7924893853
-4.25233074853
-4.65664569974
-4.27321575531
-2.6385836274
-0.769889142683
1.48355851288
3.95577411019
5.40146367212
5.80120384653
6.62691741974
6.27205708842
4.64136959886
3.33586265474
1.043597926
-1.35793969262
-2.6564895069
-4.71934028611
-4.85780530651
-4.41436208286
-3.34942029682
-1.85626240388
0.776453426754
2.49120182367
4.03579041446
5.9458808562
6.33095010692
6.61721053427
6.14072942353
3.91959745177
1.99474650635
-0.102471361512
-2.37581265105
-4.03522615276
-4.49045668882
-4.59039784921
-3.58244052895
-2.28947676268
-0.502473356927
1.54401654728
3.42257616694
4.89594983228
6.32353343393
6.16390924663
5.83446625096
4.92128382285
3.0784814458
1.29882931043
-1.04135608767
-2.75591577328
-3.48514887037
-4.46121501023
-3.93266528838
-3.54837299201
-2.5907658041
-0.444080169061
2.16133164835
3.28075700048
4.97291760974
5.79614941612
6.29606622794
5.87061763889
5.01443417272
2.99386940041
1.32534536971
-0.254443953222
-1.94059134175
-2.92097988098
-4.1533630837
-4.49448152116
-3.21792494968
-3.28489350963
-1.39857304589
0.145989593088
1.33738388405
3.25985710336
4.49573363012
5.66242291207
5.17071462832
5.42941413953
4.7241523106
3.73964998077
1.88241065389
0.584390371295
-1.0768686756
-2.21642556155
-3.38528002129
-3.59695582399
-3.89468964724
-3.58110766088
-2.43815340105
-1.37106361229
0.00637178864736
0.93636129305
2.471931307
3.65045239844
4.23253205888
5.32523854647
4.78973914824
4.92862630489
4.12607849275
3.06266060547
1.69063400079
0.169812712033
-0.87131649366
-2.06801407702
-2.37938452275
-3.39215149775
-3.59477858097
-3.77604625116
-3.36845797918
-2.69086761253
-1.20887882178
-0.0868473676826
1.11143519271
2.64826377441
3.2683486182
3.97390418191
4.3865086339
5.37585562597
5.0265855481
4.41838503214
4.29865257781
2.71048654912
1.9879120246
0.659239313058
0.047523529633
-1.50155772451
-2.16361843966
-2.43264401021
-3.9153301079
-3.97528814485
-4.1584228813
-3.88977788426
-3.47443036868
-2.35939513009
-1.66471706325
-0.25178738593
0.376297130568
1.75231457327
2.89522588843
3.8200952427
4.35993234127
4.88437252538
5.34519802551
5.1162015365
4.85417802003
4.6105018994
2.86191684615
2.83214881231
1.44306598149
0.582641552545
-0.832530409647
-2.32802111291
-3.88835792884
-3.85449770744
-4.10231021931
-5.57986353907
-4.79897363581
-5.1674547757
-3.89309078501
-2.96426565242
-2.33747292876
-1.50216144019
-0.596816269208
0.493333689269
1.87076680989
2.8048455574
3.88091647093
4.30822772657
5.16794503171
4.97859401863
5.59972888768
5.57555543465
5.49405277326
4.37764428709
2.84895378374
2.4866794308
1.0258900702
-0.224330446125
-1.2982012204
-2.34568801014
-3.64092378695
-4.00529175764
-5.38258967693
-5.44029643175
-5.41053862617
-4.89410813153
-5.20940611172
-4.24828455292
-3.57239881693
-1.51303314323
-1.29494817703
-0.132468741105
1.04894629575
2.86102991869
3.56016861532
4.48752465891
5.40744693031
5.76936281899
5.58677026124
5.47959966748
4.74028109467
4.15788070679
3.04231939124
1.89885069185
1.23893909225
-0.247607121368
-1.74303771104
-2.93387785159
-3.88875460938
-5.1453181265
-5.14937173841
-5.45923535676
-5.34569209415
-5.49676749046
-4.42144756225
-4.16271877788
-2.41001549222
-1.43251665719
-0.373313720469
1.7159011852
2.87583787816
3.61275168393
4.56064747899
4.4851835854
4.94067971582
4.67986853638
4.02285455542
2.91236374511
2.71746163666
1.26052192759
0.0161778118835
-1.48787856799
-2.97606489101
-3.58487124782
-4.62248601275
-5.45080426276
-5.75913473349
-5.52604665955
-5.09613709609
-3.93358767919
-2.21007951229
-0.964634019911
0.548175977243
1.77387070587
2.34025537454
4.07733507821
3.95633784658
5.1725592049
4.5387244013
3.66755635214
3.40892954422
1.33498324491
0.414257293611
-1.21792605074
-2.1447523955
-3.42750299797
-4.70513616626
-5.01115869057
-5.27899355095
-4.67237391295
-3.6807483624
-2.74594629292
-1.38658184911
0.174788520665
1.59734056199
2.9751068466
3.42918895971
3.96696332883
3.43456110373
3.2668808185
2.74973068915
1.8816235748
0.0943809526509
-1.29120235028
-2.74420097455
-4.07978578312
-4.48662657655
-4.94342141488
-3.80332372666
-3.96044337799
-2.85529535427
-1.814116087
-0.53906181123
1.61997991682
2.18358593262
3.65837576271
3.84907673902
3.53519462304
2.6697034767
1.90159561214
0.91834528509
-1.41536457344
-2.26243585982
-3.87794643975
-4.90932448932
-4.57381276271
-4.68321882268
-3.99628022271
-2.40384459145
-1.36752646819
0.746181905202
2.01197139032
3.41111976227
3.77578490693
3.16826021318
2.65257005036
2.04575820835
0.668005137848
-0.99852845993
-2.46283501308
-4.21931668701
-4.83339734105
-5.37370510939
-4.87673423502
-4.75936857089
-3.38584349634
-1.69404114246
0.315008441116
1.75746587649
2.9845229298
3.75559502827
3.86403471386
2.71672856576
2.19739244096
0.0599089564501
-2.31487565117
-3.50450496986
-4.78775002921
-5.75335451442
-5.28583922908
-4.83757287096
-3.9632942652
-1.91553093757
-0.288243373035
0.952623256535
2.61153180767
4.03635581673
4.33810165031
3.6912756975
3.16795162459
0.987088702493
-0.29365358082
-2.74194130332
-4.66001411069
-5.86848439312
-6.12177339431
-5.64558324215
-4.72404042464
-3.49143480808
-1.11293537313
1.07500758194
2.15994350115
3.21133754208
4.33473109273
3.9722879708
3.76661125557
2.21507661206
0.791032815605
-1.88662777189
-3.13022897367
-5.03492612499
-5.95714097491
-6.87030732093
-5.86461379779
-5.44180936635
-3.1268853439
-1.48449240495
0.402185671272
2.34547374104
4.29293525955
4.26913675983
4.7829125363
3.7620065186
2.77062336608
0.776429945472
-1.11021861124
-3.01632960706
-5.09163274215
-5.78960760901
-6.86994386304
-6.17140063234
-6.15582143572
-3.97717902176
-2.96404252995
-1.28021269819
0.935205501025
2.56697190805
3.99477320126
4.7187465801
4.82730551071
4.39727195324
2.97820479313
1.76543863325
-0.0829527821168
-2.63825909336
-4.48425322891
-5.44814390801
-6.17260473061
-6.86879594478
-6.29451975026
-5.33679981574
-4.09948448773
-3.29609142947
-1.0379891595
0.328697960803
1.95242193755
3.33347114289
3.9970452401
4.11831561403
3.96952737778
3.72116654447
2.03435400754
1.14648576546
-0.325493305598
-2.51213040814
-3.4818259265
-4.26997457323
-5.0651373745
-6.25269360227
-5.92399594429
-5.9400547604
-4.74779173924
-3.55881933411
-2.6389174378
-1.53065772139
-0.459104059648
1.80666630817
2.71283647432
3.1336030089
3.4431161821
4.26378553246
3.31286565531
3.48081345429
2.10897992082
1.58446951328
0.050114473097
-1.40961879843
-2.23491459807
-3.54227330366
-4.68633288682
-4.21265117462
-5.24018281419
-5.48312935411
-5.06652822095
-4.88230130317
-4.05575693997
-3.38628357986
-2.09712136133
-1.04109980605
0.346867706217
1.08951732965
2.12893694678
2.51582803774
3.09147015707
3.60994326862
3.54889574632
2.69009636808
2.82055483214
2.14370806904
1.67875171888
0.246150798481
-0.477433259791
-1.6070362316
-2.92632243897
-3.3222338982
-3.73739545706
-4.25188937234
-5.38897724327
-5.25800837607
-5.60764236253
-4.85960244836
-4.97289741873
-3.70290072274
-2.83544556787
-1.86269688691
-0.878772976192
-0.261473411918
0.679978496273
2.04465633896
2.18471508529
3.8108538129
4.04051251833
3.39851682195
3.5005827548
2.85594469951
2.78931446666
2.25979957712
1.44061568192
0.715073900842
-0.587781908573
-1.98559906758
-2.38762063403
-3.52743511929
-4.29706022571
-4.29815275036
-5.4949298382
-5.07145020933
-5.43351508133
-5.13386123026
-4.95608210019
-3.98002610913
-2.78636594067
-2.87763364855
-1.39136181745
-0.318174256001
1.26802687143
2.10621244289
2.68943515386
3.36096926245
4.51894471096
3.94834992307
4.22008605696
3.89375984736
3.48281823284
2.21163873862
1.97383279418
0.755894138173
-0.701904024625
-1.78730763252
-2.73245783105
-3.93678607528
-5.0858332299
-5.71238104344
-5.43418394046
-6.31309628226
-5.80276784778
-4.67434171102
-4.48967619469
-3.88348597682
-2.01645962259
-0.971441394188
0.49715422318
1.74208081035
2.81999438236
3.90775320963
4.39747398332
5.10839805819
4.69389337578
4.25907297076
3.79937744126
2.40731776901
1.12545984052
-0.144164011059
-1.89685057234
-2.71516492564
-4.21792289901
-5.16759700651
-5.86992205934
-6.33846301017
-5.86385993413
-6.04868997836
-4.9520819366
-3.79186518914
-2.6912413328
-0.672400393722
1.09677899721
2.33333374975
3.63061339472
4.62544231571
4.84060147341
4.71373034365
4.89561331074
3.21019060733
2.52735697045
1.01078000065
-0.262227530451
-2.19257634864
-3.74527338795
-5.09053039416
-5.59642972245
-6.54354703038
-6.32518219673
-4.56860527937
-4.09156210167
-2.64383451285
-0.596081899283
1.15802716847
2.24702101895
4.12306657321
4.37744640853
4.38861579435
4.79144237491
3.82039754211
3.05865529163
1.0282603301
-0.908137018572
-2.56792586885
-3.99811169887
-5.2627113689
-6.29765678065
-5.26534217846
-4.65948816943
-3.51667089056
-2.70059800713
-0.600609780861
1.00450716987
3.02676887395
3.59996640107
4.59055930902
4.31254480218
4.30974921577
3.07206313776
1.83155210111
-0.430087956964
-1.16369859457
-3.19893080452
-3.85793388176
-4.93856099963
-5.23728592586
-4.84902410894
-2.18888190844
-2.11141934407
-0.214905511008
1.41190920193
3.13534045831
3.7563408983
4.91711495703
4.60303986254
3.76050882108
2.12621453348
-0.190955056858
-1.28333009474
-3.19418994338
-4.19684297841
-4.98574489597
-3.99199360721
-4.1534038866
-2.65533041856
-0.489357476486
0.175516522955
2.22385329265
3.4087703305
4.45303692696
4.57858029899
3.97573611779
2.64876328873
1.24026620614
0.20544411994
-1.21965781778
-2.62264951857
-3.76202329085
-4.70830240861
-4.71434843007
-3.65974393183
-2.52442721681
-0.759313637068
1.45257107208
3.1289090561
3.55230865738
4.03179293332
3.93156601854
3.61985030785
2.00566195924
1.03589465548
-0.451144580956
-2.3642261295
-3.56025607021
-4.30664690973
-4.34067799428
-4.1254205434
-2.90636047475
-1.3893108215
1.42616455844
1.81266119867
4.14387078311
4.50760054048
4.6904411347
4.07375401113
3.29302108242
2.23203117989
0.159644318056
-0.483658117844
-2.58820697326
-3.46335168371
-4.58893669547
-5.08353896098
-3.98341707752
-2.59598388059
-1.47775333617
0.935753277124
2.33404155376
3.93711977305
4.76449197517
5.12197935153
4.58466625089
3.96352863073
2.36038937229
1.12946453308
-0.817090529881
-1.96246229491
-3.32673561496
-4.37793449801
-4.24077822211
-4.02342175698
-3.99963304963
-2.00168646608
-0.730317373039
1.42253370912
2.46341563232
4.88036685558
4.97342513201
5.90773003897
5.50414178151
4.48428423701
3.44043109377
1.44971519754
0.0955277442424
-2.11280108686
-2.73904099855
-4.24599114259
-5.00904413962
-5.31005218754
-4.35174324403
-3.41616131727
-1.65569339059
-0.654723263686
1.05918304843
2.67013555882
3.793328828
4.55575382727
5.73520467326
6.10035209892
5.75651662312
5.18187331113
3.30988590288
1.82447843305
-0.0289414196117
-0.983138400164
-2.6637497409
-4.0198268302
-5.28963256081
-4.67260293213
-5.04269232555
-4.71431077443
-3.30542398056
-2.19496967294
-0.722536409287
1.16571130492
2.06626370626
3.86666469357
5.27318546301
5.63260439561
6.48439243391
6.14190505425
5.89747292512
4.6193648155
3.78192969723
2.64515236812
1.46787790373
0.047936032226
-1.84145542616
-2.81533166869
-3.86663725901
-4.56550026516
-5.08453941374
-5.02974883429
-4.59020486262
-3.84308562213
-3.02492064058
-1.46929539587
0.114834203792
0.836484533715
2.49342886229
4.08698088739
4.66786267843
5.32264202008
6.27434178099
6.37332155929
5.77304181611
5.47376260509
4.95248174021
3.79511774573
2.92008426527
1.81090412609
0.256792079847
-0.542047215379
-1.71025153881
-2.50765071681
-3.1507627333
-3.58854765652
-3.59463860976
-4.33300871277
-3.32619707114
-3.41921293056
-2.80947915161
-1.7917515875
-1.47092187512
0.762476996741
0.942252798075
2.58114319283
2.90226056848
3.41074017702
4.82309964571
5.1390909303
4.91396212341
5.81945469731
5.05922974003
5.26920622093
3.69446886974
3.4750759105
2.65306531542
1.96318102439
0.0553924402057
-0.0245795947578
-0.623907942612
-2.57574624551
-2.33159589581
-2.7995018318
-3.29410952448
-2.85013372265
-3.18698837843
-2.95136395272
-2.22977442847
-1.64893252847
-0.701179972451
0.242032142462
1.15123990464
1.60945279065
3.19638803165
3.60687783903
4.37091305766
4.56669240359
5.22384140129
5.52678493412
4.6072317037
4.970286033
3.73551327332
3.2994429181
2.79732525005
1.7983659974
0.482669517464
-0.256424597396
-1.2091103798
-2.33169327643
-3.08210954612
-3.31353886535
-3.38190650712
-3.17056402646
-2.5496475502
-2.43560146533
-1.7776051043
-0.262791037337
0.174791285044
1.16880448659
2.13671910925
3.04866564961
4.20181435626
4.85970460994
5.37180598116
5.25945628906
5.03853299687
4.3351205741
4.41981504806
3.27347703342
2.47031649396
1.61284488074
-0.32474023073
-1.23519809137
-2.37088659651
-2.95261018083
-3.74781329203
-3.33492385428
-3.70308041369
-2.76593885295
-1.49659302074
-0.995403130167
0.165036113409
1.53805408722
2.84057962288
4.12597925595
5.58350001202
6.14466480768
5.66053217435
5.96415823745
5.30338164186
3.80092406567
3.03716420145
1.8742697969
-0.149235645374
-1.58739535633
-3.15930953086
-3.88036107146
-4.27277903474
-4.10573037307
-3.54020306373
-3.47820620008
-1.27207336288
-0.31445706054
1.37574910612
3.42076427307
4.44786820089
5.29656186808
6.69468554391
6.34038985182
6.05479628174
4.33020850036
3.63734212301
1.46184669457
-0.383329067502
-1.68579775953
-3.76063052349
-4.31070647013
-4.46634438661
-4.62749181261
-4.06304238971
-2.38390558996
-0.39900548087
1.64410761244
3.65375115973
4.4695409427
6.36318874715
6.33294514888
6.63547811498
5.5144502983
3.66177320056
2.01292558754
0.569173635059
-2.07144616491
-3.13844995154
-4.07381449984
-4.56416631365
-4.67766731517
-3.75949274089
-1.79960340613
-0.294826833857
2.15997451674
4.04198541791
5.37068878976
6.26955631863
6.49946384167
5.97088982262
3.52175393193
2.79819731209
1.09106572493
-0.696133867352
-2.87068581285
-4.00565376233
-4.45327041203
-4.19388483218
-3.56050662188
-1.48249223109
-0.0693273862079
2.0826559985
3.95966213316
5.49712771247
5.91810509809
6.20569924419
4.93689457339
3.0523011896
1.88083102468
-0.255780477778
-1.90999561095
-3.61574575039
-4.09954749936
-4.29955846604
-3.41379366017
-2.25831780376
-0.70203776689
1.01422666472
3.18289944986
4.45597770703
5.64183877412
5.75784374271
5.32599608586
3.88000597235
2.5942604213
0.469070712088
-1.2012616145
-2.18617983429
-3.40024684606
-3.83036792464
-3.84735142962
-2.80794802719
-1.15329666585
-0.0508054797118
1.67392137481
3.4903539697
4.38044300463
5.11035424993
4.94470369806
4.10357646864
3.65124021179
1.82055806005
0.135143781506
-1.72354168509
-2.33867240431
-3.04515130609
-3.6453116276
-3.40404701537
-2.23101558323
-1.21665344643
0.134734942871
1.48120041755
3.78528510001
4.38504889928
4.74044687702
4.47221866391
4.36013510699
3.60318640419
2.19228628549
0.819628285617
-1.13710305548
-1.9148430417
-3.64583359569
-3.16309043609
-3.4691716025
-2.89669747456
-1.92045535926
-0.698345654618
0.915493012677
2.40506374571
3.49839081674
4.22496017471
4.76402753602
4.89288937984
4.13308920064
3.90363891336
2.12278017191
0.870875788599
-0.252863143169
-1.59301433226
-2.71134706423
-3.72626720387
-4.31761444822
-3.98761456998
-3.13177387916
-2.36742237157
-1.28835295397
0.38023628274
1.9946716743
3.17416144264
3.98566424309
4.98685366886
5.00521192703
4.48281162906
4.74054413025
3.4083826995
2.49163261755
0.855984682205
-0.399202495526
-2.40177869
-2.92100718617
-4.37951258446
-4.77986909246
-4.20245927297
-4.05717608922
-3.53403813182
-2.68847617684
-1.38959547952
-0.534115683845
1.23047590774
2.25456900398
4.01136333931
4.86714028703
5.38412902049
5.06372656998
5.38698992113
5.12279772847
3.5815442436
3.02097865613
1.3776524588
0.190763778756
-0.782195228469
-3.00722190299
-3.645042266
-4.85861491024
-5.07377375352
-5.19873828992
-5.20766933703
-4.37535451766
-3.71969417437
-3.0118034768
-2.02705205713
-0.317881031691
1.40743819388
2.1656469139
3.53024047222
5.09979201395
5.11065174273
5.690627283
5.69217732631
5.69849633927
5.36148095475
